2.0 0.000100   3.642   4.020 
2.0 0.000136   4.815   5.270 
2.0 0.000184   6.286   6.838 
2.0 0.000250   8.151   8.860 
2.0 0.000339  10.541  11.398 
2.0 0.000460  13.484  14.560 
2.0 0.000624  17.118  18.476 
2.0 0.000847  21.786  23.489 
2.0 0.001149  27.639  29.795 
2.0 0.001559  34.972  37.580 
2.0 0.002116  44.144  47.444 
2.0 0.002871  55.434  59.561 
2.0 0.003896  69.626  74.726 
2.0 0.005287  87.567  93.922 
2.0 0.007174 109.751 117.673 
2.0 0.009734 137.861 147.426 
2.0 0.013209 172.425 184.299 
2.0 0.017923 216.529 231.176 
2.0 0.024320 273.447 291.258 
2.0 0.033000 345.810 367.963 
2.2 0.000100   2.943   3.225 
2.2 0.000136   3.838   4.188 
2.2 0.000184   4.962   5.381 
2.2 0.000250   6.387   6.926 
2.2 0.000339   8.247   8.906 
2.2 0.000460  10.569  11.406 
2.2 0.000624  13.483  14.549 
2.2 0.000847  17.129  18.429 
2.2 0.001149  21.611  23.172 
2.2 0.001559  27.111  29.090 
2.2 0.002116  34.007  36.474 
2.2 0.002871  42.533  45.626 
2.2 0.003896  53.113  56.897 
2.2 0.005287  66.105  70.514 
2.2 0.007174  81.735  87.301 
2.2 0.009734 101.499 108.576 
2.2 0.013209 126.522 135.232 
2.2 0.017923 158.745 169.602 
2.2 0.024320 199.301 213.276 
2.2 0.033000 250.851 267.742 
2.4 0.000100   2.290   2.513 
2.4 0.000136   2.975   3.243 
2.4 0.000184   3.844   4.189 
2.4 0.000250   4.998   5.422 
2.4 0.000339   6.433   6.964 
2.4 0.000460   8.268   8.947 
2.4 0.000624  10.555  11.370 
2.4 0.000847  13.351  14.366 
2.4 0.001149  16.907  18.145 
2.4 0.001559  21.329  22.848 
2.4 0.002116  26.707  28.546 
2.4 0.002871  33.343  35.664 
2.4 0.003896  41.544  44.390 
2.4 0.005287  51.684  55.319 
2.4 0.007174  64.361  68.677 
2.4 0.009734  79.402  84.620 
2.4 0.013209  98.048 104.310 
2.4 0.017923 121.581 129.324 
2.4 0.024320 150.969 161.108 
2.4 0.033000 190.561 203.611 
2.6 0.000100   1.898   2.098 
2.6 0.000136   2.507   2.740 
2.6 0.000184   3.270   3.560 
2.6 0.000250   4.232   4.593 
2.6 0.000339   5.428   5.853 
2.6 0.000460   6.912   7.450 
2.6 0.000624   8.824   9.479 
2.6 0.000847  11.183  12.007 
2.6 0.001149  14.097  15.119 
2.6 0.001559  17.778  19.055 
2.6 0.002116  22.348  23.885 
2.6 0.002871  27.880  29.724 
2.6 0.003896  34.604  36.904 
2.6 0.005287  42.851  45.648 
2.6 0.007174  52.949  56.385 
2.6 0.009734  65.251  69.444 
2.6 0.013209  80.404  85.439 
2.6 0.017923  99.202 105.425 
2.6 0.024320 122.374 129.827 
2.6 0.033000 151.205 159.998 
2.8 0.000100   1.600   1.769 
2.8 0.000136   2.136   2.340 
2.8 0.000184   2.798   3.047 
2.8 0.000250   3.619   3.944 
2.8 0.000339   4.672   5.071 
2.8 0.000460   5.995   6.477 
2.8 0.000624   7.689   8.277 
2.8 0.000847   9.768  10.485 
2.8 0.001149  12.328  13.200 
2.8 0.001559  15.485  16.569 
2.8 0.002116  19.363  20.673 
2.8 0.002871  24.134  25.713 
2.8 0.003896  29.951  31.866 
2.8 0.005287  37.030  39.355 
2.8 0.007174  45.879  48.684 
2.8 0.009734  56.489  59.911 
2.8 0.013209  69.224  73.316 
2.8 0.017923  84.579  89.297 
2.8 0.024320 103.330 109.104 
2.8 0.033000 126.529 133.627 
3.0 0.000100   1.470   1.620 
3.0 0.000136   1.921   2.107 
3.0 0.000184   2.489   2.701 
3.0 0.000250   3.215   3.473 
3.0 0.000339   4.094   4.408 
3.0 0.000460   5.178   5.565 
3.0 0.000624   6.563   7.050 
3.0 0.000847   8.328   8.935 
3.0 0.001149  10.545  11.307 
3.0 0.001559  13.305  14.231 
3.0 0.002116  16.709  17.829 
3.0 0.002871  20.944  22.301 
3.0 0.003896  26.144  27.826 
3.0 0.005287  32.494  34.551 
3.0 0.007174  40.169  42.635 
3.0 0.009734  49.440  52.382 
3.0 0.013209  60.623  64.161 
3.0 0.017923  74.099  78.320 
3.0 0.024320  90.656  95.639 
3.0 0.033000 110.272 116.178 
3.2 0.000100   1.271   1.404 
3.2 0.000136   1.678   1.836 
3.2 0.000184   2.179   2.372 
3.2 0.000250   2.839   3.083 
3.2 0.000339   3.659   3.961 
3.2 0.000460   4.659   5.025 
3.2 0.000624   5.966   6.419 
3.2 0.000847   7.577   8.128 
3.2 0.001149   9.517  10.196 
3.2 0.001559  12.020  12.855 
3.2 0.002116  15.099  16.131 
3.2 0.002871  18.893  20.135 
3.2 0.003896  23.517  24.996 
3.2 0.005287  29.136  30.936 
3.2 0.007174  36.006  38.213 
3.2 0.009734  44.474  47.094 
3.2 0.013209  54.645  57.750 
3.2 0.017923  66.797  70.469 
3.2 0.024320  81.444  85.808 
3.2 0.033000  99.056 104.202 
3.4 0.000100   1.159   1.277 
3.4 0.000136   1.524   1.666 
3.4 0.000184   1.975   2.148 
3.4 0.000250   2.547   2.761 
3.4 0.000339   3.286   3.554 
3.4 0.000460   4.197   4.534 
3.4 0.000624   5.366   5.786 
3.4 0.000847   6.823   7.326 
3.4 0.001149   8.629   9.235 
3.4 0.001559  10.875  11.648 
3.4 0.002116  13.703  14.634 
3.4 0.002871  17.174  18.304 
3.4 0.003896  21.398  22.774 
3.4 0.005287  26.571  28.253 
3.4 0.007174  32.919  34.942 
3.4 0.009734  40.634  43.002 
3.4 0.013209  49.844  52.664 
3.4 0.017923  61.152  64.495 
3.4 0.024320  74.745  78.639 
3.4 0.033000  90.870  95.469 
3.6 0.000100   1.051   1.157 
3.6 0.000136   1.381   1.510 
3.6 0.000184   1.800   1.961 
3.6 0.000250   2.324   2.523 
3.6 0.000339   2.972   3.211 
3.6 0.000460   3.788   4.085 
3.6 0.000624   4.836   5.212 
3.6 0.000847   6.184   6.650 
3.6 0.001149   7.869   8.449 
3.6 0.001559   9.966  10.683 
3.6 0.002116  12.595  13.462 
3.6 0.002871  15.777  16.806 
3.6 0.003896  19.674  20.934 
3.6 0.005287  24.419  25.920 
3.6 0.007174  30.252  32.071 
3.6 0.009734  37.335  39.493 
3.6 0.013209  45.811  48.390 
3.6 0.017923  56.139  59.136 
3.6 0.024320  68.459  71.952 
3.6 0.033000  83.389  87.559 
3.8 0.000100   0.947   1.039 
3.8 0.000136   1.241   1.355 
3.8 0.000184   1.611   1.758 
3.8 0.000250   2.096   2.275 
3.8 0.000339   2.710   2.934 
3.8 0.000460   3.460   3.734 
3.8 0.000624   4.439   4.782 
3.8 0.000847   5.685   6.121 
3.8 0.001149   7.232   7.765 
3.8 0.001559   9.180   9.830 
3.8 0.002116  11.558  12.357 
3.8 0.002871  14.506  15.471 
3.8 0.003896  18.198  19.390 
3.8 0.005287  22.616  24.051 
3.8 0.007174  28.032  29.729 
3.8 0.009734  34.593  36.642 
3.8 0.013209  42.566  44.918 
3.8 0.017923  52.190  54.963 
3.8 0.024320  63.782  67.112 
3.8 0.033000  77.509  81.395 
4.0 0.000100   0.916   1.002 
4.0 0.000136   1.189   1.293 
4.0 0.000184   1.537   1.670 
4.0 0.000250   1.997   2.165 
4.0 0.000339   2.547   2.748 
4.0 0.000460   3.262   3.520 
4.0 0.000624   4.167   4.484 
4.0 0.000847   5.329   5.714 
4.0 0.001149   6.750   7.236 
4.0 0.001559   8.502   9.106 
4.0 0.002116  10.702  11.441 
4.0 0.002871  13.447  14.357 
4.0 0.003896  16.844  17.955 
4.0 0.005287  20.997  22.323 
4.0 0.007174  26.047  27.593 
4.0 0.009734  32.142  34.002 
4.0 0.013209  39.564  41.803 
4.0 0.017923  48.651  51.289 
4.0 0.024320  59.614  62.678 
4.0 0.033000  72.619  76.267 
4.2 0.000100   0.836   0.925 
4.2 0.000136   1.106   1.223 
4.2 0.000184   1.458   1.594 
4.2 0.000250   1.881   2.042 
4.2 0.000339   2.398   2.595 
4.2 0.000460   3.035   3.275 
4.2 0.000624   3.882   4.183 
4.2 0.000847   4.962   5.337 
4.2 0.001149   6.303   6.757 
4.2 0.001559   7.989   8.551 
4.2 0.002116  10.095  10.770 
4.2 0.002871  12.648  13.478 
4.2 0.003896  15.818  16.824 
4.2 0.005287  19.696  20.940 
4.2 0.007174  24.444  25.932 
4.2 0.009734  30.244  32.002 
4.2 0.013209  37.197  39.353 
4.2 0.017923  45.661  48.095 
4.2 0.024320  55.805  58.731 
4.2 0.033000  68.078  71.419 
4.4 0.000100   0.771   0.839 
4.4 0.000136   1.007   1.097 
4.4 0.000184   1.315   1.427 
4.4 0.000250   1.712   1.855 
4.4 0.000339   2.199   2.370 
4.4 0.000460   2.784   2.995 
4.4 0.000624   3.553   3.819 
4.4 0.000847   4.535   4.874 
4.4 0.001149   5.788   6.215 
4.4 0.001559   7.339   7.874 
4.4 0.002116   9.301   9.951 
4.4 0.002871  11.754  12.545 
4.4 0.003896  14.740  15.710 
4.4 0.005287  18.419  19.605 
4.4 0.007174  22.961  24.362 
4.4 0.009734  28.412  30.105 
4.4 0.013209  35.064  37.091 
4.4 0.017923  42.974  45.317 
4.4 0.024320  52.663  55.406 
4.4 0.033000  64.203  67.392 
4.6 0.000100   0.730   0.801 
4.6 0.000136   0.960   1.045 
4.6 0.000184   1.238   1.346 
4.6 0.000250   1.602   1.730 
4.6 0.000339   2.063   2.226 
4.6 0.000460   2.634   2.838 
4.6 0.000624   3.352   3.619 
4.6 0.000847   4.284   4.624 
4.6 0.001149   5.456   5.872 
4.6 0.001559   6.957   7.463 
4.6 0.002116   8.762   9.378 
4.6 0.002871  11.046  11.790 
4.6 0.003896  13.872  14.788 
4.6 0.005287  17.320  18.410 
4.6 0.007174  21.539  22.860 
4.6 0.009734  26.678  28.283 
4.6 0.013209  32.997  34.915 
4.6 0.017923  40.538  42.710 
4.6 0.024320  49.700  52.244 
4.6 0.033000  60.495  63.416 
4.8 0.000100   0.701   0.771 
4.8 0.000136   0.925   1.013 
4.8 0.000184   1.210   1.317 
4.8 0.000250   1.578   1.710 
4.8 0.000339   2.022   2.189 
4.8 0.000460   2.578   2.786 
4.8 0.000624   3.291   3.545 
4.8 0.000847   4.184   4.504 
4.8 0.001149   5.316   5.706 
4.8 0.001559   6.722   7.197 
4.8 0.002116   8.473   9.048 
4.8 0.002871  10.642  11.340 
4.8 0.003896  13.310  14.167 
4.8 0.005287  16.653  17.687 
4.8 0.007174  20.655  21.912 
4.8 0.009734  25.447  26.954 
4.8 0.013209  31.445  33.207 
4.8 0.017923  38.594  40.653 
4.8 0.024320  47.247  49.621 
4.8 0.033000  57.486  60.246 
5.0 0.000100   0.634   0.696 
5.0 0.000136   0.835   0.914 
5.0 0.000184   1.091   1.192 
5.0 0.000250   1.422   1.549 
5.0 0.000339   1.836   1.993 
5.0 0.000460   2.358   2.554 
5.0 0.000624   3.021   3.264 
5.0 0.000847   3.886   4.182 
5.0 0.001149   4.950   5.309 
5.0 0.001559   6.260   6.714 
5.0 0.002116   7.903   8.462 
5.0 0.002871   9.947  10.639 
5.0 0.003896  12.472  13.316 
5.0 0.005287  15.621  16.617 
5.0 0.007174  19.423  20.613 
5.0 0.009734  24.001  25.441 
5.0 0.013209  29.572  31.299 
5.0 0.017923  36.375  38.358 
5.0 0.024320  44.540  46.876 
5.0 0.033000  54.471  57.181 
5.2 0.000100   0.599   0.655 
5.2 0.000136   0.788   0.865 
5.2 0.000184   1.027   1.125 
5.2 0.000250   1.352   1.473 
5.2 0.000339   1.756   1.904 
5.2 0.000460   2.253   2.437 
5.2 0.000624   2.880   3.109 
5.2 0.000847   3.681   3.969 
5.2 0.001149   4.697   5.061 
5.2 0.001559   5.976   6.421 
5.2 0.002116   7.583   8.124 
5.2 0.002871   9.594  10.236 
5.2 0.003896  12.040  12.815 
5.2 0.005287  14.972  15.921 
5.2 0.007174  18.585  19.746 
5.2 0.009734  23.024  24.379 
5.2 0.013209  28.306  29.887 
5.2 0.017923  34.669  36.540 
5.2 0.024320  42.492  44.686 
5.2 0.033000  51.954  54.582 
5.4 0.000100   0.571   0.631 
5.4 0.000136   0.767   0.841 
5.4 0.000184   1.008   1.105 
5.4 0.000250   1.315   1.431 
5.4 0.000339   1.704   1.849 
5.4 0.000460   2.173   2.350 
5.4 0.000624   2.765   2.984 
5.4 0.000847   3.544   3.822 
5.4 0.001149   4.508   4.846 
5.4 0.001559   5.730   6.166 
5.4 0.002116   7.220   7.742 
5.4 0.002871   9.093   9.726 
5.4 0.003896  11.427  12.186 
5.4 0.005287  14.265  15.200 
5.4 0.007174  17.772  18.896 
5.4 0.009734  21.996  23.321 
5.4 0.013209  27.127  28.706 
5.4 0.017923  33.214  35.017 
5.4 0.024320  40.712  42.886 
5.4 0.033000  49.797  52.306 
5.6 0.000100   0.563   0.620 
5.6 0.000136   0.748   0.819 
5.6 0.000184   0.976   1.065 
5.6 0.000250   1.267   1.375 
5.6 0.000339   1.618   1.752 
5.6 0.000460   2.074   2.244 
5.6 0.000624   2.663   2.877 
5.6 0.000847   3.415   3.677 
5.6 0.001149   4.376   4.699 
5.6 0.001559   5.516   5.930 
5.6 0.002116   6.950   7.452 
5.6 0.002871   8.702   9.309 
5.6 0.003896  10.936  11.666 
5.6 0.005287  13.660  14.548 
5.6 0.007174  17.000  18.055 
5.6 0.009734  21.108  22.395 
5.6 0.013209  26.063  27.594 
5.6 0.017923  31.976  33.746 
5.6 0.024320  39.147  41.220 
5.6 0.033000  47.952  50.363 
5.8 0.000100   0.522   0.575 
5.8 0.000136   0.690   0.756 
5.8 0.000184   0.904   0.987 
5.8 0.000250   1.180   1.287 
5.8 0.000339   1.525   1.656 
5.8 0.000460   1.971   2.136 
5.8 0.000624   2.531   2.750 
5.8 0.000847   3.263   3.520 
5.8 0.001149   4.182   4.498 
5.8 0.001559   5.309   5.704 
5.8 0.002116   6.691   7.182 
5.8 0.002871   8.407   9.001 
5.8 0.003896  10.539  11.243 
5.8 0.005287  13.183  14.036 
5.8 0.007174  16.360  17.383 
5.8 0.009734  20.269  21.463 
5.8 0.013209  24.965  26.415 
5.8 0.017923  30.680  32.349 
5.8 0.024320  37.561  39.545 
5.8 0.033000  45.911  48.227 
6.0 0.000100   0.506   0.557 
6.0 0.000136   0.670   0.730 
6.0 0.000184   0.874   0.949 
6.0 0.000250   1.137   1.233 
6.0 0.000339   1.458   1.580 
6.0 0.000460   1.871   2.021 
6.0 0.000624   2.409   2.599 
6.0 0.000847   3.077   3.316 
6.0 0.001149   3.905   4.190 
6.0 0.001559   4.957   5.311 
6.0 0.002116   6.274   6.709 
6.0 0.002871   7.903   8.452 
6.0 0.003896   9.934  10.585 
6.0 0.005287  12.449  13.249 
6.0 0.007174  15.494  16.455 
6.0 0.009734  19.210  20.365 
6.0 0.013209  23.693  25.069 
6.0 0.017923  29.146  30.771 
6.0 0.024320  35.755  37.651 
6.0 0.033000  43.735  45.985 