0.683456 -0.858600  0.860238  0.731301 
0.254530 -1.232986  1.108521  0.635277 
0.851915 -1.427415  1.487887  0.562528 
0.294333 -0.828362  1.928896  0.619846 
0.635292 -0.919677  1.148921  0.723121 
0.528517 -1.440705  2.061911  0.506914 
0.389459 -0.797735  1.357002  0.685323 
0.293118 -1.231208  1.762844  0.595970 
0.467746 -0.782769  1.013401  0.711595 
1.337147 -1.095191  0.886881  0.616015 
1.011724 -1.104977  0.880137  0.686868 
1.793756 -0.952250  0.573195  0.463853 
0.101899 -0.813824  2.120689  0.541284 
0.129443 -0.859155  2.557200  0.491411 
1.401668 -0.783729  0.485073  0.605935 
0.690575 -1.107848  1.114046  0.707526 
0.381847 -0.873625  1.197156  0.701416 
0.335074 -0.879444  1.727246  0.653224 
0.189009 -0.851830  1.967892  0.591217 
0.052650 -0.919700  3.596050  0.255576 
0.913303 -0.940639  0.860332  0.716804 
0.724129 -0.645195  0.749253  0.693476 
1.768750 -1.172040  0.883095  0.439731 
1.673851 -0.603063 -0.638008  0.416493 
0.564047 -1.004970  1.024464  0.725537 
1.322335 -0.968400  0.401370  0.639391 
1.608994 -0.780170  0.130960  0.527610 
1.034181 -0.842990  1.313995  0.674347 
2.229521 -1.191182  0.143941  0.184388 
1.130274 -1.089430  0.876698  0.668116 
1.265695 -0.792537  0.521411  0.645944 
0.421341 -0.684721  1.543585  0.653730 
2.923929 -0.950016 -0.296097 -0.336758 
1.537789 -0.964881  0.702569  0.568431 
2.135015 -0.817142  0.372607  0.275267 
0.575858 -0.659180  0.504707  0.702274 
0.047850 -0.593715  1.904035  0.496410 
0.136610 -0.910141  2.248571  0.542535 
0.230723 -0.958011  1.666859  0.636704 
0.643501 -0.955866  0.996305  0.729729 
0.342122 -0.638426  1.733125  0.611568 
0.989169 -1.544270  1.426580  0.483635 
0.206367 -0.771538  1.398916  0.639707 
1.071937 -0.797987  1.005402  0.678944 
0.264922 -0.552224  1.528039  0.584253 
0.489743 -0.791541  1.668560  0.670998 
0.365194 -0.737187  1.337018  0.672723 
0.305698 -0.779372  1.424487  0.662957 
0.452109 -1.397097  1.860541  0.545921 
0.353088 -1.235577  1.896653  0.592185 
0.683358 -1.053204  1.223918  0.710333 
0.501482 -1.069795  1.674983  0.671121 
1.599049 -1.087546  0.632860  0.534146 
0.284963 -0.734280  1.736027  0.623792 
0.161910 -0.627756  2.125264  0.520152 
0.260178 -0.695249  1.791346  0.603940 
0.361511 -0.702983  1.536005  0.649914 
0.415816 -0.898441  1.293635  0.701674 
0.688541 -1.218900  1.250422  0.673526 
0.551955 -1.103258  1.828779  0.653327 
0.667275 -0.901351  1.290193  0.714129 
0.468358 -1.144034  1.253276  0.687114 
1.338161 -1.112387  0.966056  0.609935 
1.093123 -0.969999  0.927499  0.686054 
1.927263 -0.873967 -1.123822  0.302783 
1.704227 -0.976288  0.618522  0.502798 
0.762410 -0.742364  0.755837  0.714925 
0.165837 -0.658534  1.917202  0.555470 
0.948890 -0.682892  0.240161  0.684112 
0.140917 -0.876569  2.565137  0.494927 
1.118001 -0.963279  1.127873  0.672978 
0.478797 -0.885086  1.308329  0.707165 
2.170575 -0.954316  0.618526  0.259748 
2.470987 -0.899938  0.105295  0.052433 
1.788398 -1.290740  0.731810  0.397690 
1.600425 -1.127524  0.469115  0.527100 
0.446867 -1.046307  1.533579  0.681570 
1.011270 -0.713294  0.463815  0.684499 
1.134603 -0.896257  1.222016  0.664514 
1.062128 -1.072513  1.011522  0.678978 
1.120226 -0.996032  1.073677  0.673463 
0.769781 -0.965166  0.813487  0.730595 
0.238886 -0.911684  2.093250  0.592402 
0.429444 -1.000460  1.391802  0.694784 
0.045635 -0.610522  2.446875  0.429277 
0.034841 -0.560107  2.826116  0.343224 
1.217739 -0.988133  0.198510  0.662817 
0.861454 -0.804294  1.089489  0.705668 
2.417875 -0.967944  0.507724  0.095879 
1.251087 -0.977192  0.410404  0.658051 
0.532229 -1.152184  1.997347  0.623610 
0.785670 -1.045823  0.972460  0.718248 
0.397523 -0.783658  1.736961  0.652909 
0.109417 -0.242032  1.360417  0.382306 
1.921702 -0.707421  0.549447  0.375893 
0.757151 -1.074832  1.260285  0.701998 
0.572891 -0.974620  1.390834  0.706975 
0.484514 -0.474393  0.920523  0.621057 
1.729028 -1.023384  0.800241  0.485471 
0.821712 -0.927615  1.080550  0.717830 
0.364896 -0.889931  1.171496  0.700904 
0.638185 -1.060990  2.139462  0.624418 
2.575524 -0.970706 -1.004564 -0.102193 
1.120202 -0.714743  0.506850  0.665279 
0.254725 -0.831965  1.735448  0.631617 
0.876283 -0.521746  0.355446  0.640091 
0.142182 -1.255602  2.887524  0.385612 
0.400510 -0.534398  0.835376  0.640359 
0.525191 -0.783877  1.390737  0.695058 
0.458757 -0.895984  1.768555  0.667741 
0.048643 -0.533051  2.451448  0.401195 
0.043704 -0.837220  2.968202  0.385656 
0.989606 -0.691644  1.023087  0.671618 
0.022380 -0.446588  2.433397  0.354607 
0.632139 -0.696557  1.184473  0.693305 
0.616673 -0.888896  1.359110  0.709796 
0.335720 -1.099320  2.248309  0.578549 
0.301976 -0.989594  1.180639  0.687602 
0.484334 -0.780292  1.329702  0.695772 
1.135698 -1.218889  1.160175  0.625389 
1.081921 -1.400942  1.317384  0.555603 
0.822995 -0.562852 -0.069430  0.650837 
0.462286 -1.148924  1.309859  0.681908 
1.949358 -1.568828  1.223382  0.156158 
0.117593 -0.665770  2.360416  0.484663 
0.493259 -0.893511  1.389893  0.703223 
0.466885 -0.589919  0.765979  0.670988 
2.535348 -0.880099  0.173085  0.005341 
0.185674 -0.648801  1.985418  0.550712 
0.022986 -1.018545  3.872120  0.169653 
0.356147 -0.939632  1.872975  0.643257 
0.253135 -0.854009  1.024050  0.682982 
1.039107 -0.717446  0.499580  0.680884 
1.042591 -0.998728  0.968867  0.692071 
0.520459 -0.686916  0.734529  0.704933 
1.064341 -1.102950  0.659558  0.683213 
1.001481 -0.773513  1.448742  0.661460 
1.183393 -0.725156  0.164898  0.650228 
0.973696 -0.720985  0.059952  0.685177 
0.468010 -1.180086  0.826030  0.696949 
1.016588 -1.350825  1.673846  0.561688 
0.573630 -0.899425  0.785831  0.736003 
0.541413 -0.867914  1.145384  0.719907 
0.550622 -0.924144  1.312579  0.712554 
0.599470 -1.260789  0.896210  0.677610 
1.708412 -1.381937  0.582806  0.397428 
0.466955 -0.697814  1.387201  0.674072 
0.531196 -0.869891  1.119616  0.720823 
1.985855 -0.778024 -0.551586  0.316417 
0.911610 -0.645710  0.621363  0.680240 
0.729502 -0.912810  0.388492  0.737037 
0.029401 -0.816909  3.230581  0.324099 
0.236957 -1.397452  1.872695  0.505677 
0.568807 -0.958810  1.477760  0.701008 
0.264329 -0.598812  1.316286  0.616613 
0.436081 -0.868372  1.721771  0.668500 
1.494625 -0.989080  0.604183  0.583935 
0.451270 -0.757943  1.726602  0.656482 
0.893986 -1.002473  1.325634  0.694333 
0.229428 -0.903102  1.741384  0.629286 
0.431978 -1.031118  1.547721  0.680375 
1.198812 -0.808603  0.878113  0.658591 
0.563043 -0.857379  1.600719  0.688406 
0.539877 -1.128885  1.232141  0.696719 
1.302983 -0.496083  0.120249  0.544073 
1.351085 -1.071885  0.741992  0.619359 
1.463385 -0.986217  0.312404  0.594170 
0.258835 -0.825972  1.778998  0.627640 
2.317648 -0.972189 -0.013023  0.155961 
1.541773 -1.003552  0.429178  0.566459 
0.738265 -1.311766  1.607304  0.613140 
0.705761 -0.779885  0.874890  0.721161 
0.604467 -0.889054  1.571722  0.693492 
0.429007 -0.753436  1.601158  0.664689 
0.835349 -0.931633  0.348887  0.729650 
0.786365 -1.270112  1.829520  0.604242 
1.502153 -0.893058  0.359989  0.582294 
0.090297 -1.210200  3.120461  0.336311 
2.093250 -0.849272 -0.001153  0.294982 
1.562064 -0.903526  0.134250  0.556907 
0.682920 -0.724018  1.026455  0.706204 
0.366263 -1.325380  1.687945  0.583445 
1.184408 -1.197815  0.923249  0.631144 
0.357370 -0.982416  1.983457  0.629607 
0.730266 -1.009628  1.494785  0.694569 
0.116826 -0.708606  1.945082  0.549407 
1.743458 -1.016790  0.319161  0.482408 
0.489859 -0.848990  1.019200  0.721092 
0.120470 -0.889708  2.195931  0.543801 
1.739304 -1.057277  0.611368  0.480282 
1.672755 -0.937907  0.804951  0.513986 
0.372655 -0.786460  1.654152  0.657382 
0.733440 -0.950464  1.408337  0.703997 
1.389148 -0.882055 -0.237559  0.600475 
0.120258 -1.005548  2.322446  0.524029 
0.880656 -1.065857  1.239037  0.694398 
0.695829 -1.045965  1.430366  0.697241 
0.883238 -0.843218  0.698474  0.720090 
1.031341 -0.953373  0.824936  0.700716 
0.326488 -0.797955  1.225361  0.682878 
0.078198 -0.855408  2.684019  0.452280 
0.578140 -0.974729  1.809777  0.670512 
1.055217 -1.344768  1.129105  0.596855 
0.298356 -0.921764  2.237351  0.587332 
0.710544 -1.407687  1.265846  0.597437 
0.883592 -0.761614  0.870193  0.705375 
2.106951 -0.847259  0.635926  0.294660 
0.299675 -1.044630  2.275391  0.575607 
0.438736 -0.516323  0.355213  0.641812 
0.439098 -1.088680  1.567878  0.671840 
0.367834 -0.965520  0.359399  0.719211 
1.178519 -1.156837  0.875541  0.644424 
0.350368 -0.948820  1.857835  0.643753 
0.851155 -0.969034  1.051275  0.715749 
0.884456 -0.534835  0.159764  0.641335 
1.680345 -0.978359  0.127294  0.508769 
0.735440 -0.921817  0.736366  0.734854 
1.240418 -0.861790  0.297420  0.658364 
0.199573 -0.933059  2.288694  0.556002 
1.970654 -0.947052  0.833810  0.370931 
2.347002 -0.905627 -0.779991  0.087461 
1.171364 -1.068463  1.472366  0.630507 
0.215173 -1.075058  2.464574  0.523359 
1.075098 -1.206185  1.565178  0.613110 
0.333590 -0.984304  1.846104  0.640624 
0.230379 -0.587543  1.549901  0.587030 
0.307634 -0.827442  1.726039  0.643875 
0.280283 -0.573835  1.452974  0.601828 
1.567127 -1.356676  1.104574  0.451523 
0.489962 -0.821240  1.255338  0.706374 
0.840530 -0.942012  0.194929  0.726683 
0.383463 -0.792199  1.763528  0.649429 
0.722976 -1.083569  1.723604  0.665902 
1.158311 -1.350087  0.843471  0.585546 
0.354967 -1.047643  1.822526  0.641374 
2.262054 -1.155061  0.408979  0.176547 
0.182885 -0.580210  1.355949  0.586108 
0.318492 -0.797520  2.063883  0.605120 
0.012061 -0.746455  3.326921  0.285296 
0.709520 -0.894799  1.176693  0.719245 
0.488241 -1.123725  1.428678  0.681409 
0.401417 -1.030010  1.784306  0.654601 
0.236110 -1.125131  2.514571  0.512203 
1.330113 -1.042485  0.808251  0.627753 
0.416563 -0.830116  0.552466  0.722397 
0.872204 -1.007675  0.713499  0.721768 
1.355958 -0.849829  0.471046  0.627459 
0.047351 -0.369792  2.341258  0.336908 
0.119313 -0.928896  2.646973  0.475741 
0.513596 -0.956294  1.494145  0.697218 
0.240118 -0.997460  2.458274  0.539284 
0.091099 -0.636081  2.422974  0.457700 
0.032749 -0.708768  3.050912  0.344286 
0.038055 -1.011020  3.402629  0.292439 
0.267109 -0.747591  1.591357  0.635686 
1.600059 -1.135991  0.665639  0.524290 
0.983163 -0.899849  1.087804  0.698428 
1.263026 -1.009075  0.843546  0.648253 
0.931745 -1.303971  1.572758  0.602008 
0.436255 -0.858332  1.190943  0.708173 
0.421620 -0.653635  1.057192  0.676429 
0.090246 -1.287659  3.167576  0.301066 
0.881402 -1.037750  0.940165  0.711931 
0.348973 -1.212406  2.271585  0.551461 
0.155929 -0.731537  1.810256  0.581636 
0.140140 -0.750877  2.382173  0.508198 
1.123888 -1.032646  0.322012  0.681925 
1.655139 -0.693919 -0.208783  0.478923 
0.359032 -1.035405  1.693897  0.656303 
0.707709 -1.099945  1.055398  0.711080 
0.122786 -1.340400  2.689784  0.382995 
1.818995 -0.824627  0.540830  0.446677 
0.118924 -0.805151  1.528049  0.608171 
1.049023 -1.260274  1.412133  0.612913 
0.281635 -0.900182  1.236277  0.681434 
1.413436 -1.129110  1.413566  0.559320 
0.525204 -0.794961  1.376995  0.697626 
0.614248 -1.212366  1.654023  0.646115 
2.716619 -0.837163  0.076307 -0.144320 
1.074750 -1.172234  1.230759  0.646099 
1.164210 -0.827709  0.541976  0.674394 
0.678493 -1.006506  1.582116  0.689543 
0.156406 -0.897246  2.471345  0.515652 
0.374582 -1.214670  2.062675  0.582669 
0.820697 -0.658250  0.743936  0.691140 
0.851684 -0.767317  0.649121  0.714271 
1.379563 -0.982914  0.336421  0.621437 
1.570332 -0.858666  0.210709  0.553294 
0.444844 -0.634682  0.780397  0.682980 
1.273075 -1.051384  0.979913  0.636767 
0.269853 -0.871910  1.865954  0.624940 
0.852744 -0.938465  1.252140  0.705892 
0.395849 -0.928075  1.279997  0.700272 
0.460293 -1.051345  1.562647  0.679961 
0.386829 -0.818465  2.213414  0.600294 
0.147433 -0.620224  1.514893  0.577154 
1.284551 -0.937525  0.814078  0.646595 
1.156022 -1.418720  0.978190  0.549524 
1.231053 -0.782813  0.225719  0.650744 
0.523502 -0.877119  1.000475  0.726152 
0.279939 -0.781827  2.113063  0.588544 
1.975057 -1.017328  0.678107  0.368054 
1.224508 -0.831678  0.379799  0.660590 
1.541082 -1.001943  0.840295  0.562142 
1.052362 -1.099192  0.885878  0.680957 
0.345310 -1.019383  0.894900  0.706050 
1.150236 -1.237750  1.180763  0.615451 
0.709805 -0.793489  0.911828  0.721838 
0.642713 -0.653532  0.922461  0.693525 
0.231479 -1.084424  2.343878  0.544365 
0.564294 -0.606273  0.897783  0.679264 
1.208837 -1.045598  1.100604  0.648215 
0.773999 -0.793325  1.003640  0.715102 
1.301642 -1.169457  1.256457  0.593586 
0.634680 -0.534008 -0.119989  0.646200 
1.443898 -1.124489  0.807530  0.580006 
0.694702 -1.137775  0.930022  0.709160 
0.133709 -1.046946  2.602418  0.480915 
0.425919 -1.441538  1.733754  0.533563 
0.407046 -0.921624  1.315372  0.699576 
1.128884 -1.093493  0.972881  0.664438 
1.567431 -0.982126  0.486658  0.558430 
1.320748 -0.855510  0.462244  0.637998 
0.448914 -1.036612  1.719255  0.666312 
0.561638 -1.041599  1.857448  0.659653 
0.183578 -1.149875  2.654471  0.469617 
1.221464 -0.673650  0.519013  0.632925 
0.237136 -0.715605  1.418107  0.635709 
0.276418 -0.975446  2.012190  0.610449 
0.157132 -0.314950  0.926654  0.468868 
0.309827 -0.595467  0.545182  0.652164 
0.453480 -1.122188  1.919642  0.632712 
0.192420 -0.928849  2.253644  0.558906 
0.659165 -0.469795  0.419705  0.630869 
1.433550 -1.003923  0.702749  0.602201 
0.989776 -0.889304  0.156491  0.707092 
0.145294 -0.572706  1.960029  0.516521 
0.161571 -0.733424  1.983865  0.564537 
0.307124 -0.541134  1.001914  0.621226 
1.830662 -0.657803 -0.336630  0.384103 
0.604029 -0.783931  0.998984  0.719209 
0.169476 -0.657726  1.949328  0.552691 
0.176524 -0.912040  1.807045  0.608249 
1.554915 -1.427191  1.524685  0.395371 
1.080897 -1.222581  1.502504  0.612393 
0.515708 -0.768126  1.472694  0.685919 
1.125789 -0.986437  1.021556  0.675228 
0.099277 -1.162755  3.157906  0.344158 
1.413245 -0.824793  0.486750  0.607606 
0.467928 -0.630539  0.713687  0.685468 
1.741921 -1.146809  0.654736  0.462795 
0.800200 -0.545744  0.676008  0.656001 
0.194026 -0.903805  2.576910  0.510064 
0.460607 -0.790115  1.037630  0.710952 
1.047357 -0.872628  0.657379  0.699906 
1.381280 -0.928200  0.974734  0.613968 
0.365631 -1.274626  1.576662  0.612641 
0.121460 -1.384625  3.169276  0.270905 
0.685962 -1.014825  1.274217  0.711357 
0.379299 -1.143798  1.527963  0.656460 
0.174624 -0.654242  1.769460  0.572609 
0.092196 -0.644181  2.422273  0.460606 
0.469710 -0.974386  0.976479  0.723378 
1.471853 -1.173527  1.436961  0.528334 
1.091110 -0.502723 -0.006169  0.592048 
1.187345 -0.959819  0.661356  0.673111 
1.216777 -0.829916  0.762059  0.659799 
0.072672 -0.802929  3.172954  0.351076 
1.083726 -0.963949  1.209309  0.675236 
1.416702 -0.796248  0.298863  0.601683 
0.150434 -1.114028  2.585398  0.478665 
2.851912 -1.025647  0.187479 -0.257588 
2.561594 -1.081827  0.645963 -0.022591 
0.731815 -1.144976  0.950131  0.705374 
0.021404 -0.722458  3.372386  0.274009 
0.057594 -0.705155  2.659995  0.425699 
0.048545 -0.780701  2.252663  0.499794 
0.666236 -1.035412  0.985929  0.724369 
0.027942 -0.637794  3.238731  0.284454 
0.433267 -0.806901  1.231983  0.700341 
0.289989 -0.607019  1.623074  0.601532 
1.762181 -0.788948  0.189476  0.465414 
1.163129 -0.805378  0.846569  0.667133 
2.143527 -0.872847  0.087534  0.269646 
0.087022 -0.712216  2.523945  0.460532 
0.449107 -0.508228  0.857353  0.634856 
1.083496 -0.915940  1.304180  0.670049 
0.119019 -0.742025  2.270545  0.515763 
1.244363 -1.060866  1.155507  0.634897 
1.334554 -0.891802  0.675370  0.634874 
0.492141 -1.002801  1.325173  0.705510 
0.433228 -0.699976  1.247051  0.680042 
0.960588 -1.047519  1.522646  0.667137 
0.125714 -0.907382  2.376398  0.520614 
0.434940 -0.798964  0.900167  0.714536 
1.001511 -0.993131  0.460816  0.708105 
1.200282 -0.817784  0.765387  0.662293 
1.493811 -1.116743  0.880885  0.562594 
0.578538 -0.687465  0.685580  0.708301 
0.629317 -1.014148  0.265631  0.734840 
0.522905 -0.666568  0.987359  0.692407 
1.382111 -1.129342  0.702672  0.600754 
0.530146 -1.093333  1.512039  0.683426 
0.401647 -1.119542  1.521915  0.665310 
0.727866 -0.943501  1.552838  0.693127 
0.223295 -0.990892  2.020948  0.595571 
0.420676 -1.431229  2.198051  0.484375 
0.235937 -1.042027  2.367532  0.547839 
0.094611 -0.437378  1.572965  0.479408 
0.965609 -0.682341  0.605683  0.683417 
0.020510 -0.930789  4.009110  0.135520 
0.141185 -1.147563  3.009883  0.391797 
0.391512 -0.853857  0.910062  0.714259 
0.572951 -0.759513  1.503297  0.684596 
0.027618 -1.312000  3.743940  0.133968 
1.001741 -0.615116  0.198470  0.656114 
1.699128 -0.831211  0.521018  0.501688 
1.651443 -1.097842  0.857507  0.506962 
1.405234 -1.007395  0.900418  0.606116 
0.799657 -0.673186  0.833393  0.694755 
0.902070 -0.711485  0.552089  0.698880 
0.032251 -0.881421  3.538374  0.260519 
0.005139 -0.673093  4.137594  0.059163 
0.004184 -0.663793  4.165428  0.048256 
0.205575 -1.038435  1.958120  0.594086 
0.367738 -0.802943  1.591882  0.664423 
0.026432 -0.753564  3.071099  0.346872 
0.111657 -1.127338  3.089487  0.370396 
0.129916 -0.797330  2.227011  0.534489 
2.105778 -0.775615 -0.081129  0.275657 
0.566745 -0.913192  1.885331  0.663039 
0.765239 -0.961657  1.451866  0.698734 
1.095938 -0.775799  0.392195  0.681298 
0.048245 -1.254477  3.092823  0.312807 
0.275587 -1.011708  1.852294  0.626026 
0.919954 -1.200064  0.866978  0.678379 
1.294423 -0.921394  0.139618  0.643632 
1.204810 -1.180919  0.666589  0.637105 
0.895344 -0.794489  0.479533  0.714895 
0.668364 -0.858528  0.743364  0.734553 
0.110830 -0.590414  2.577815  0.425166 
0.127542 -0.763121  2.267796  0.522811 
0.974983 -0.971987  0.212480  0.710444 
0.700729 -0.904828  0.813885  0.734302 
0.451197 -1.107115  1.933113  0.633807 
1.178303 -0.615689  0.322671  0.624975 
1.302674 -0.616717 -0.091077  0.583216 
0.289005 -0.932973  1.741596  0.643814 
0.658647 -0.977691  1.114855  0.723386 
0.040081 -0.423101  2.446490  0.347597 
0.045605 -0.574379  2.083669  0.467431 
1.773259 -1.381090  1.247420  0.346716 
1.911933 -1.049953  0.663724  0.397941 
0.263487 -0.523615  0.546174  0.614631 
0.680368 -0.995841  0.676989  0.735796 
0.260566 -0.818718  2.034995  0.598722 
1.150203 -0.844935  1.011004  0.668505 
0.847528 -0.813104  0.895130  0.715785 
0.428669 -1.016283  1.541989  0.681876 
0.490822 -1.193601  1.816586  0.630645 
0.283416 -0.952931  1.344229  0.675223 
0.223037 -0.813681  1.847043  0.610203 
0.832960 -1.484538  1.769027  0.508210 
0.701119 -1.108626  0.499394  0.722336 
2.015404 -0.745506  0.209455  0.331007 
2.012943 -0.935660  0.187844  0.349390 
0.363510 -0.953078  1.712208  0.660749 
0.433652 -0.670958  0.853747  0.690132 
0.117638 -0.929112  2.335316  0.524228 
0.163630 -0.790287  2.190907  0.548981 
0.297096 -0.953758  1.487104  0.667771 
0.505680 -1.018274  1.206385  0.712497 
0.184836 -0.854324  1.834829  0.604985 
1.442342 -0.662567  0.250665  0.565091 
1.212025 -0.998638  0.616619  0.665937 
0.177354 -0.818911  2.015634  0.579001 
1.078591 -0.781036  0.546364  0.685596 
0.174060 -1.239731  2.409015  0.481786 
0.318458 -1.247750  2.624799  0.480445 
0.924354 -1.006545  0.930806  0.710259 
1.507117 -0.824295  0.191370  0.572889 
1.147270 -0.633473  0.440539  0.638240 
0.659986 -0.838897  0.910572  0.728661 
0.185372 -0.721976  1.435398  0.621812 
0.581402 -1.075461  1.326789  0.701689 
1.121491 -1.154663  1.353705  0.633571 
0.672903 -1.084633  1.862181  0.653269 
0.562344 -0.531532  0.979039  0.648595 
0.440481 -1.260987  1.767129  0.610184 
0.124837 -0.891740  2.349791  0.523755 
0.546575 -1.253257  1.743122  0.623557 
0.554329 -0.746179  1.206630  0.701762 
0.559696 -0.894589  1.220671  0.717878 
0.512076 -0.990796  0.893225  0.728828 
0.355518 -0.934121  1.719613  0.658942 
1.120438 -0.963865  0.119635  0.683505 
0.813193 -0.964303  1.239417  0.709554 
0.134516 -1.097477  2.273287  0.524206 
0.484079 -0.676670  0.458853  0.701975 
1.511730 -1.075069  0.831510  0.564821 
0.305536 -0.834783  2.021488  0.612038 
0.602601 -0.738219  0.561144  0.721253 
0.082815 -1.007366  2.508461  0.482801 
0.492323 -1.029295  1.831923  0.659801 
1.351618 -1.075094  0.599028  0.620759 
0.287307 -0.705797  2.000048  0.589548 
0.017645 -0.662238  3.265778  0.281510 
1.058703 -0.661956  0.201049  0.660772 
1.445386 -0.901678  0.426193  0.602363 
0.925588 -0.889869  0.215599  0.717206 
0.480254 -1.034968  1.843863  0.656927 
0.179826 -0.738428  1.703120  0.600859 
0.611128 -0.969155  1.654185  0.686294 
1.311381 -0.807847  0.184816  0.632445 
1.086336 -0.806095  0.929389  0.680203 
1.133832 -1.182076  1.179722  0.634965 
0.101664 -0.432927  1.614132  0.476021 
0.138143 -0.874927  2.569709  0.493204 
0.317286 -1.022175  2.258635  0.583939 
0.427616 -1.618407  2.243169  0.364666 
0.820010 -0.654616  0.520597  0.692674 
2.248980 -0.865691  0.198423  0.206091 
0.953043 -0.900163  0.872472  0.710987 
1.399409 -0.765236  0.245613  0.601523 
0.739790 -0.956709  1.407237  0.703608 
1.942095 -0.944970  0.581669  0.390429 
0.321346 -1.119614  2.032973  0.600012 
0.758569 -1.035602  1.485395  0.691336 
1.084725 -1.061783  0.742950  0.684545 
1.535737 -1.129496  1.000268  0.540889 
0.118256 -0.956061  2.878812  0.433601 
0.249440 -0.782143  1.641655  0.632877 
0.263580 -1.017396  2.229136  0.576802 
0.110841 -0.462154  1.062404  0.530457 
0.951125 -0.870561  0.424375  0.715483 
0.465507 -0.868699  1.336493  0.703184 
0.451941 -0.582650  0.841111  0.665040 
0.332262 -0.914489  1.353106  0.684786 
0.836001 -1.024291  1.226791  0.704399 
0.248677 -0.444947  0.816658  0.570960 
0.305239 -1.022322  1.356003  0.674991 
0.533704 -0.982311  0.928474  0.729433 
0.605357 -0.519418  0.393182  0.653386 
0.281534 -0.745261  1.387072  0.654584 
1.359418 -0.435368 -0.732318  0.449962 
0.704819 -1.082085  0.660587  0.725571 
0.245323 -1.039144  2.503955  0.529645 
1.101449 -1.137834  0.972995  0.661431 
1.022204 -0.536595 -0.478275  0.593447 
0.288014 -0.597526  1.344166  0.619697 
0.120914 -0.715735  2.306967  0.505806 
1.221956 -1.252287  0.824101  0.608841 
0.144827 -0.983539  2.550587  0.498527 
0.076180 -0.594543  2.708689  0.392293 
0.065264 -0.963318  3.007916  0.389835 
0.763121 -0.842150  1.027964  0.720410 
0.319078 -0.693276  1.300078  0.657053 
0.837842 -0.894622  0.929799  0.721901 
0.561503 -0.820522  1.135109  0.717052 
0.465236 -0.999850  1.931619  0.649037 
0.232245 -0.927024  1.932958  0.610082 
0.669826 -0.877697  1.292388  0.712947 
0.446730 -1.070843  1.657968  0.667495 
1.199737 -0.622485  0.324278  0.622277 
0.410091 -1.019746  1.613127  0.673076 
0.444313 -0.819271  1.625616  0.674049 
0.959115 -1.012638  1.292587  0.687530 
1.115934 -1.112309  1.271319  0.648873 
0.706965 -1.032002  1.744587  0.671285 
0.444999 -0.912579  1.769563  0.666602 
0.555050 -0.590249  0.383068  0.679609 
0.419334 -0.804025  1.310239  0.693429 
0.790611 -1.125762  0.781889  0.710903 
0.073311 -0.680373  2.620449  0.432151 
1.064633 -1.159678  1.133737  0.656258 
1.344933 -0.805460  0.279941  0.624423 
0.473079 -1.201883  1.568624  0.650274 
0.626216 -1.099458  1.144433  0.708723 
0.254542 -1.036815  2.049576  0.596002 
0.300813 -0.542470  1.394275  0.598600 
0.155861 -0.764308  2.078685  0.557046 
0.015728 -0.538118  3.755065  0.122439 
0.005042 -0.528165  3.912351  0.072672 
0.006464 -0.529371  3.907595  0.075031 
0.105715 -0.558342  2.252454  0.460959 
0.827059 -1.102998  1.391890  0.683729 
0.753106 -0.903248  1.036440  0.724232 
0.812366 -0.623595  0.584343  0.683706 
0.077411 -1.007969  3.258961  0.339533 
0.707217 -0.901259  1.041731  0.726118 
0.229582 -0.979245  1.988140  0.601774 
0.354492 -1.253811  2.260068  0.541137 
0.806165 -0.793274  0.929403  0.715595 
0.241521 -0.859901  1.920591  0.611307 
0.363480 -1.291458  2.433396  0.504100 
0.143669 -0.551231  2.133134  0.486693 
2.041340 -0.987076 -0.156519  0.320062 
0.097579 -0.761903  2.388826  0.494990 
0.289920 -0.755364  0.998668  0.679765 
0.543352 -1.395967  1.862690  0.553183 
0.722980 -0.653943  0.346488  0.697947 
1.909089 -1.494845  1.277914  0.219591 
1.271569 -0.920374 -0.120576  0.640636 
0.117731 -0.735040  1.922887  0.557887 
0.414873 -0.942409  1.790837  0.660839 
0.142665 -1.471556  2.953056  0.276993 
1.158607 -0.784352  1.116573  0.654755 
0.667080 -0.606090  0.997232  0.675692 
0.541028 -1.015853  1.083976  0.721099 
0.669367 -1.467182  1.846231  0.519045 
1.273843 -0.790075  0.352616  0.642831 
0.733080 -1.289123  1.495010  0.631390 
0.519172 -0.839251  1.835778  0.662128 
0.428774 -1.250615  1.776000  0.611371 
1.233870 -1.061055  0.789027  0.651371 
1.553750 -0.862580  0.579552  0.562298 
0.114286 -0.617201  1.768097  0.542480 
0.285587 -1.213272  2.560538  0.494852 
1.499748 -1.101489  0.648953  0.568343 
1.662711 -0.936013  0.756963  0.519283 
3.431586 -0.701603 -0.514647 -0.891009 
1.557995 -1.144520  0.861741  0.534283 
0.839768 -1.143235  1.362124  0.676699 
1.453710 -1.196614  1.228772  0.542175 
0.078835 -0.669490  1.813362  0.540905 
1.052933 -0.965516  0.343319  0.700306 
1.303914 -1.371187  1.041708  0.533526 
0.428245 -0.791537  1.546765  0.675401 
0.299271 -0.653876  1.682301  0.612531 
2.352130 -1.247380  0.669359  0.089564 
0.568902 -1.154413  1.882579  0.637664 
0.399563 -0.857519  1.960397  0.637635 
0.704920 -0.882999  1.038990  0.725613 
1.559597 -1.051184  0.682860  0.553759 
1.484136 -0.997578  0.744268  0.584986 
0.778058 -1.342048  1.399194  0.615046 
0.611678 -0.815357  1.188074  0.714457 
1.131231 -1.143173  0.900735  0.656875 
1.084102 -0.867093  0.295098  0.692695 
0.219211 -0.583922  1.593715  0.579102 
0.132483 -0.972315  2.071854  0.563697 
0.895529 -0.879197  0.653146  0.721943 
1.981488 -1.064485  0.687451  0.359070 
0.314912 -1.052742  2.319875  0.571424 
0.230043 -0.707505  2.015473  0.574447 
1.377695 -1.000138  0.476392  0.621760 
0.707588 -1.332094  0.973812  0.646198 
0.752973 -1.002961  0.783300  0.730229 
0.511269 -0.871336  1.154907  0.717914 
0.640647 -0.939517  1.483772  0.701310 
0.050227 -0.754143  2.868302  0.395754 
0.224203 -0.692871  1.932476  0.579158 
0.164654 -0.563777  1.669937  0.549406 
1.313068 -1.172286 -0.000917  0.604127 
1.694058 -1.082107  0.653632  0.495967 
0.274489 -0.639815  0.780887  0.655574 
0.464181 -0.771840  1.370381  0.689827 
0.295760 -0.903384  1.768016  0.642283 
0.889181 -0.817906  1.241489  0.696359 
0.685469 -1.253077  1.583976  0.638548 
0.446960 -0.763121  0.702606  0.715264 
0.744488 -0.840469  0.687295  0.731161 
0.670615 -0.824497  1.111779  0.718728 
1.595072 -0.634590 -0.053619  0.493709 
1.043246 -0.611370  0.284085  0.649691 
0.421414 -0.929821  1.731172  0.667734 
0.402399 -0.688612  0.582099  0.695470 
1.032756 -0.657022  0.414845  0.666670 
0.249865 -0.718297  1.496746  0.633481 
0.437546 -0.785341  1.555179  0.674915 
1.829030 -0.874253  0.156066  0.442055 
1.476671 -0.632317 -0.432519  0.516102 
0.493599 -1.024015  1.761268  0.667687 
0.211392 -0.993331  2.280299  0.558374 
0.126316 -0.789596  2.156314  0.541687 
0.413006 -1.174513  2.013580  0.605205 
0.239178 -1.030359  1.881795  0.612374 
0.306985 -0.807857  1.293324  0.676178 
0.569600 -0.936291  1.748518  0.677521 
0.088330 -0.639314  1.963706  0.519214 
0.275613 -1.084360  1.403552  0.657374 
0.730830 -0.915869  1.123243  0.721628 
1.291633 -0.972868  0.836852  0.643187 
1.735574 -0.609880 -0.532301  0.400367 
1.347285 -0.831439  0.070418  0.621948 
0.398221 -0.815117  1.585057  0.671222 
0.101323 -1.012525  2.793197  0.440497 
0.240106 -0.542292  1.507280  0.576003 
0.244379 -0.555459  0.606734  0.622383 
0.199961 -0.918711  1.906670  0.604348 
0.294832 -0.570390  1.878106  0.564443 
0.797772 -1.148368  1.040650  0.696999 
1.263861 -0.675969  0.214005  0.620245 
0.768539 -0.924795  0.876975  0.729521 
0.239256 -1.170704  2.478654  0.508457 
0.901013 -1.085211  1.555742  0.666652 
0.366238 -0.999644  1.791276  0.651138 
2.215519 -1.195347  0.851190  0.191358 
0.609491 -0.686534  0.658478  0.708793 
1.596538 -0.972596  1.046862  0.535556 
1.815597 -0.965351  1.156683  0.435982 
0.156299 -0.799021  1.609819  0.612407 
0.403120 -0.813898  1.346778  0.690060 
1.850069 -1.021623  0.402887  0.432907 
0.396515 -1.160771  1.924043  0.616678 
0.492408 -1.076599  1.560512  0.679576 
0.638015 -0.695539  1.222740  0.690855 
0.295518 -0.715237  1.715413  0.624068 
1.515723 -0.591155 -0.703810  0.468234 
2.623210 -1.038183 -0.492069 -0.098809 
1.178727 -0.817765 -0.075799  0.658612 
0.397358 -0.798669  1.505198  0.675643 
3.469953 -0.997928  0.294282 -0.874375 
0.091743 -0.830267  2.163907  0.533956 
1.022157 -1.230010  1.560560  0.615591 
0.579354 -1.206116  1.241738  0.678651 
0.727988 -1.175395  1.199480  0.686890 
0.434053 -1.054611  1.403144  0.689103 
0.435921 -0.804298  0.673579  0.720646 
0.648258 -0.713462  0.642141  0.715077 
0.298417 -0.634682  1.563236  0.617319 
0.347241 -0.510088  1.334182  0.598303 
1.091564 -0.860519  0.840673  0.687382 
1.024969 -0.670377  0.584158  0.671466 
0.067981 -1.192479  2.839039  0.388316 
0.609769 -1.022776  1.218851  0.715062 
0.527913 -0.839567  1.393775  0.701767 
0.606957 -1.094795  2.006932  0.635933 
2.201777 -1.612462  1.025161 -0.009311 
0.192217 -1.084652  2.378009  0.528700 
0.343611 -1.084932  1.959362  0.619066 
1.133913 -0.804902  0.753390  0.675541 
0.298782 -0.745711  1.212837  0.669511 
0.461949 -0.942030  1.324789  0.705461 
0.734664 -1.118505  1.059667  0.706290 
0.683494 -1.327097  1.570226  0.612383 
0.693536 -0.778667  0.893981  0.720812 
0.105304 -0.778648  2.246987  0.520794 
1.640614 -0.966791  0.802866  0.526626 
0.854896 -1.534154  1.500292  0.500832 
0.487584 -0.913258  0.633326  0.734338 
0.724396 -0.979900  1.346851  0.707648 
1.133158 -0.860263  0.778259  0.680701 
0.869757 -0.920990  0.947907  0.718798 
0.817139 -1.120405  1.257839  0.690108 
1.216274 -0.962772  0.705152  0.665606 
0.559720 -0.726476  0.646932  0.717259 
0.639001 -1.038822  1.730295  0.673634 
1.205352 -0.954053  0.425136  0.670113 
0.084492 -0.568070  2.376850  0.439362 
0.254668 -0.616579  0.947810  0.638806 
0.519234 -1.010106  1.683277  0.678292 
0.452752 -0.985269  1.817864  0.661084 
0.719872 -1.247339  1.393454  0.654144 
0.884905 -0.763043  0.391402  0.710811 
0.370994 -0.875898  1.346764  0.690625 
0.670012 -0.749202  0.971726  0.713740 
0.036975 -0.725494  3.330815  0.290144 
0.355805 -1.389793  1.984724  0.521945 
0.820456 -1.080717  1.237506  0.698004 
0.839172 -0.988422  1.511810  0.687221 
0.787431 -0.919479  1.406817  0.701065 
0.609803 -1.242333  2.048003  0.594791 
0.361824 -0.906152  1.929018  0.637760 
0.325784 -1.177092  1.879062  0.605718 
0.270375 -1.004870  1.967514  0.612519 
0.453428 -0.753596  1.182048  0.697231 
1.146453 -0.859157  0.600866  0.680630 
0.897083 -0.397281  0.002376  0.569683 
0.134384 -0.761629  2.145377  0.541304 
0.149135 -0.508905  1.589790  0.529614 
0.627574 -0.923723  1.048377  0.728033 
1.023692 -0.776123  0.927377  0.686975 
0.405900 -0.676227  1.203647  0.673115 
0.364572 -0.727747  1.822002  0.629149 
0.705684 -0.995569  0.787301  0.732886 
0.615219 -0.814151  1.552576  0.689075 
0.696847 -1.145658  1.049429  0.702679 
0.159385 -1.110381  2.905971  0.425246 
0.217685 -1.087823  2.424328  0.528229 
0.725558 -0.937752  1.072634  0.724365 
0.828943 -1.153004  1.579670  0.658685 
0.677311 -1.088363  1.313483  0.699928 
0.361798 -1.121486  1.458557  0.663740 
0.644545 -1.042684  1.473690  0.695565 
0.736329 -1.274680  1.507674  0.635448 
0.745587 -1.057236  1.672668  0.673435 
0.291492 -0.961383  2.215474  0.588380 
0.446895 -1.190418  2.190404  0.582802 
0.988458 -1.067228  1.192356  0.683088 
2.145812 -0.737868  0.201905  0.253828 
0.751481 -1.139040  1.374866  0.683185 
0.727187 -0.829548  0.371461  0.731975 
0.138003 -0.721277  2.569760  0.472318 
1.043019 -1.010912  1.026425  0.688764 
0.579456 -1.171649  1.074407  0.696616 
0.932798 -0.753228 -0.203853  0.686374 
1.296180 -0.894092  0.781235  0.643639 
0.996662 -1.646804  1.549503  0.402712 
0.386158 -1.055174  1.887292  0.638550 
0.202576 -1.115004  2.156425  0.557270 
1.038441 -1.064661  1.230607  0.673333 
0.730321 -1.406267  1.604790  0.572076 
1.007585 -1.148218  1.372590  0.654136 
0.203002 -0.633398  1.673184  0.583911 
1.428677 -0.925991  0.599329  0.607887 
0.164815 -1.294714  2.720009  0.409226 
2.586357 -0.689258 -0.233457 -0.077667 
0.472279 -1.173875  1.476397  0.665113 
0.336753 -1.017368  1.363949  0.681085 
1.005751 -1.115434  1.089234  0.677734 
1.254160 -0.887628  0.402406  0.657447 
0.632551 -0.830892  1.103204  0.720440 
0.355351 -1.093260  2.297337  0.576234 
1.413462 -1.172380  1.136847  0.566581 
0.443017 -1.259387  2.461609  0.522303 
1.018479 -1.270844  1.229465  0.626301 
0.662452 -1.650412  2.150600  0.364661 
0.488474 -1.130888  1.386856  0.682994 
0.333086 -0.697796  1.369486  0.656230 
0.207233 -1.053705  2.492730  0.519757 
0.895757 -1.130810  0.898959  0.696989 
3.547347 -0.949407 -0.284551 -0.980886 
0.580899 -0.861289  1.415059  0.704012 
0.103904 -0.751380  2.300349  0.508205 
0.151876 -0.690186  1.668591  0.584987 
0.092025 -1.137022  2.955296  0.388338 
0.502144 -0.814776  1.510112  0.688685 
0.863932 -0.774851  1.215561  0.694602 
0.656474 -0.427737  0.276103  0.608638 
0.384174 -0.895410  1.734747  0.661533 
0.121355 -1.178496  2.965563  0.386651 
0.200939 -0.890850  2.146595  0.574905 
1.444567 -0.742991  0.530113  0.585154 
1.234244 -0.965079  1.019695  0.651958 
0.362651 -0.773969  1.869168  0.632311 
1.179819 -1.218232  1.314559  0.606990 
1.876206 -1.279134  0.611536  0.361364 
0.720206 -0.939140  1.027213  0.726591 
0.774597 -0.920012  1.210115  0.714596 
0.172680 -0.898780  2.295922  0.546746 
0.670557 -1.088365  1.596857  0.678589 
0.398481 -0.980809  1.655164  0.670485 
0.296743 -0.737005  1.972439  0.601524 
0.993419 -1.216439  1.433015  0.634283 
1.935533 -1.198464  1.035720  0.345557 
0.336118 -1.160500  2.141888  0.580321 
0.173949 -1.077731  2.246884  0.543276 
0.774044 -1.044742  1.628409  0.677349 
0.161985 -1.220090  2.320279  0.497301 
1.381386 -1.236376  0.785510  0.571499 
0.941770 -1.018796  1.163077  0.696828 
1.091088 -0.797868  0.760773  0.682932 
0.964867 -0.467191 -0.481442  0.571346 
1.065837 -1.192740  1.348785  0.634969 
0.747852 -1.291290  1.807894  0.601250 
0.634782 -1.116013  1.505119  0.681951 
0.195255 -0.901637  2.038389  0.587326 
0.533440 -0.686171  1.189368  0.688597 
0.663527 -0.980235  1.059058  0.725780 
1.181927 -0.940444  0.698534  0.674182 
0.771551 -0.935225  0.636213  0.734379 
1.099915 -1.109229  0.487056  0.676590 
0.444006 -0.914967  1.731033  0.670349 
0.328444 -0.872310  1.788514  0.645467 
0.811646 -0.953592  0.613107  0.731483 
0.976729 -0.877828  1.185103  0.693487 
0.277558 -0.722482  0.968482  0.671741 
0.954655 -1.056867  1.602688  0.660024 
2.806625 -1.125514  0.505237 -0.229640 
0.110354 -1.155670  2.264563  0.505673 
0.036534 -0.855349  3.093590  0.359388 
0.676094 -1.004907  1.919618  0.656266 
0.405207 -0.918560  1.529631  0.683578 
0.101009 -0.707815  2.308240  0.497107 
0.586469 -0.796454  0.552653  0.730865 
0.845175 -1.039223  1.536326  0.680301 
1.076803 -0.735487  0.517491  0.677980 
1.512637 -0.887744  0.686762  0.577461 
0.414187 -1.009495  1.509828  0.683221 
0.201100 -0.915411  1.606408  0.634527 
0.249118 -0.876039  2.509958  0.534253 
0.975621 -1.329067  0.680596  0.630766 
0.680279 -0.849931  1.259556  0.712820 
0.643905 -0.909779  1.116989  0.724480 
0.263327 -0.501235  0.587897  0.604734 
0.676275 -1.099271  0.506032  0.724772 
0.586962 -0.553456  0.300029  0.666017 
0.382052 -0.744216  0.918667  0.697779 
1.042326 -0.997283  1.003749  0.690856 
0.802703 -0.664072  0.587486  0.696340 
0.434714 -0.849349  1.093950  0.712264 
0.204591 -0.791730  1.998532  0.585302 
0.220725 -0.889186  1.936372  0.605845 
0.721293 -1.259274  0.960349  0.673512 
0.970793 -1.065349  0.898124  0.698771 
0.273866 -1.043704  1.545297  0.651605 
1.754476 -0.970087  0.312883  0.480431 
0.118662 -0.989605  2.174336  0.545087 
1.981788 -1.035609  0.005681  0.355518 
0.156110 -0.687194  1.262914  0.616684 
0.863774 -0.876599  1.309104  0.699843 
0.166053 -0.883211  1.894123  0.594855 
0.627024 -0.898628  1.373063  0.709149 
0.564754 -1.119710  1.492998  0.681625 
0.943023 -1.098990  1.663319  0.649721 
0.287635 -1.138971  2.335842  0.548701 
1.139876 -1.230347  0.739976  0.636253 
0.390399 -1.212751  1.358693  0.653249 
2.670815 -1.026923 -0.091317 -0.113155 
1.097519 -0.886371  1.056809  0.679951 
0.996675 -0.687783  0.120315  0.675828 
1.001755 -1.155225  1.326022  0.656593 
3.088422 -1.009844  0.098618 -0.478279 
0.265370 -0.964700  1.901867  0.621077 
0.875590 -0.840785  1.139799  0.705787 
0.308454 -1.332361  1.674774  0.571121 
1.400155 -1.190047  0.318990  0.581589 
0.783663 -0.714712  1.071504  0.697316 
0.557063 -1.073212  1.772197  0.664238 
0.299588 -0.959655  1.700875  0.649577 
0.726638 -0.658572  0.588614  0.699447 
1.382634 -0.813115  0.123133  0.610906 
1.263480 -1.122830  0.752903  0.634437 
0.297516 -0.810154  2.331891  0.566464 
1.060024 -0.971304  0.919084  0.692369 
0.827931 -0.927456  1.244179  0.708651 
0.150247 -0.660223  1.800986  0.563672 
0.203698 -0.764529  1.853278  0.597212 
0.543886 -0.829163  1.259285  0.710395 
1.053507 -1.107169  0.922672  0.678139 
1.803070 -0.931448 -0.048905  0.449512 
0.267106 -0.881181  1.782251  0.633595 
0.291505 -0.777786  1.736442  0.632960 
0.476742 -1.111376  1.535349  0.674473 
0.523234 -1.247742  1.288372  0.660867 
0.265610 -0.778942  1.802903  0.620627 
0.401750 -1.006129  1.712771  0.663890 
0.461358 -0.834768  1.697687  0.670867 
0.234082 -0.704999  2.386125  0.525039 
0.296149 -0.988916  2.366371  0.566730 
0.063575 -1.149974  3.198274  0.325793 
0.593594 -1.213345  1.675459  0.643762 
2.446071 -0.778532 -0.666913  0.016183 
1.378714 -0.890785  0.149970  0.619014 
1.965667 -0.760422 -0.479813  0.329591 
1.642443 -0.942156  0.557344  0.530174 
1.075432 -1.069757  1.424322  0.653344 
2.130302 -1.024991 -0.241669  0.261135 
0.559558 -0.710744  1.002833  0.704462 
0.610063 -0.944071  1.654764  0.686927 
1.113492 -0.492964 -0.252935  0.572310 
0.797115 -0.730362  0.214288  0.710244 
1.105068 -0.988207  0.772424  0.687223 
1.164483 -1.140314  0.709137  0.655197 
1.052341 -0.832016  0.831429  0.692318 
0.246841 -0.540848  1.498511  0.577801 
0.662133 -0.398718 -0.065130  0.583620 
2.992837 -0.955086 -0.065226 -0.389417 
0.746109 -0.563150 -0.086550  0.655532 
0.387397 -1.325222  2.158056  0.533875 
1.306597 -0.703352  0.007785  0.609986 
0.067898 -0.872110  3.090318  0.373071 
1.508211 -1.221780  0.812384  0.533628 
2.016414 -0.842225  0.042923  0.339598 
1.777337 -0.867796  0.315661  0.468894 
0.085224 -1.069617  2.934289  0.401996 
0.101771 -1.124965  2.836679  0.416666 
0.097032 -0.957372  2.104624  0.548200 
0.269780 -0.949714  1.754019  0.638077 
0.510557 -0.832130  1.739156  0.670740 
0.538049 -1.122574  1.610553  0.670185 
1.178932 -0.795982  0.831451  0.662806 
0.349616 -1.144253  1.978444  0.606664 
0.149807 -0.986023  2.584424  0.494423 
0.305091 -1.067807  2.335753  0.565112 
1.281444 -0.960273  1.233286  0.629383 
1.442980 -0.985063  1.106574  0.587206 
0.221322 -0.927474  1.586632  0.641827 
0.446436 -0.870198  1.792910  0.662709 
0.504951 -0.605056  1.299311  0.656607 
0.157435 -0.748565  1.936620  0.571676 
1.233711 -0.876429  0.359313  0.661661 
0.281980 -0.674713  1.089623  0.656234 
1.155859 -1.492940  0.721522  0.516706 
2.445677 -0.806266  0.011273  0.060520 
2.171181 -1.307071  0.250466  0.185177 
0.676900 -0.901396  0.874332  0.733264 
0.414621 -1.104020  2.216658  0.594630 
0.270866 -0.917146  1.802487  0.633532 
1.130450 -0.917000  0.159364  0.682982 
1.711867 -0.530816 -1.174129  0.319162 
0.516287 -1.150314  2.154917  0.603453 
0.784511 -0.963020  0.622793  0.733122 
1.188390 -0.424992 -0.208157  0.525775 
1.234505 -0.748814  0.329424  0.645753 
0.809159 -0.858250  1.182519  0.711058 
0.311015 -1.249469  2.180720  0.545190 
1.299880 -1.135406  0.437838  0.624851 
0.475413 -0.906226  1.472835  0.695955 
0.521933 -0.766477  1.091712  0.709763 
0.593165 -0.935521  1.257825  0.717080 
1.054934 -0.960338  0.385182  0.700512 
0.772110 -0.884948  1.128081  0.718145 
0.731971 -0.740393  1.098775  0.704394 
1.541561 -1.179882  0.654268  0.536299 
0.899609 -0.942426  1.009447  0.713165 
0.121382 -0.514650  1.708117  0.512359 
0.957314 -0.890149  0.760968  0.712912 
2.138874 -0.975222 -0.006323  0.270029 
0.999656 -0.985689  1.354328  0.679500 
0.265124 -0.703136  2.029408  0.580386 
0.851925 -0.759477  0.902954  0.707196 
0.308289 -1.276933  1.872491  0.572474 
0.293030 -0.659385  1.137859  0.652143 
2.009520 -1.060345  0.653328  0.344818 
1.175152 -1.289732  0.784449  0.607547 
1.954580 -0.873066  0.138447  0.378156 
1.726375 -0.985543  0.870051  0.487640 
1.126815 -0.622289  0.233249  0.636717 
1.696353 -0.895588  0.914637  0.500231 
0.879104 -0.642300  0.363284  0.682989 
0.865276 -1.023406  1.280367  0.698492 
0.407953 -1.034794  0.420113  0.720702 
1.923311 -0.985932  0.470076  0.399040 
0.239182 -1.226569  2.509080  0.488218 
0.196785 -0.892207  2.382537  0.540873 
0.259523 -1.308858  2.056141  0.528482 
0.335017 -0.914645  2.097870  0.612944 
1.024449 -0.681353  0.661028  0.673617 
0.506760 -0.766501  0.865530  0.717473 
0.641930 -0.785242  0.772198  0.726272 
0.689246 -1.052304  0.992317  0.721528 
0.599779 -1.123091  1.082516  0.707372 
0.193825 -1.150152  1.995868  0.567533 
0.873799 -1.058277  1.352969  0.688928 
1.170727 -0.847300  0.756632  0.672137 
0.291116 -0.923748  1.700335  0.648251 
0.933614 -1.314080  1.363741  0.613911 
0.085746 -0.675020  2.623540  0.434721 
0.251985 -1.050865  1.515947  0.647990 
0.459367 -1.041170  2.043453  0.631435 
0.326619 -0.870374  1.563308  0.666003 
0.904749 -0.709905  0.455338  0.698322 
0.865977 -0.693904  0.769367  0.695751 
0.685994 -0.592893  0.889458  0.674556 
1.356625 -0.900000  0.332105  0.629215 
2.353052 -0.727277  0.386063  0.120455 
1.001182 -1.077485  0.980137  0.689609 
0.929797 -0.973875  1.069193  0.706051 
0.383213 -0.638913  1.386229  0.647792 
0.709024 -0.802775  1.224967  0.708883 
1.019785 -0.849305  0.390913  0.703598 
0.971597 -0.940559  0.992219  0.704646 
0.255635 -1.202170  1.981905  0.572176 
0.058327 -0.740967  2.490411  0.461401 
0.903736 -1.052376  1.053690  0.703189 
1.811761 -0.917565 -0.688584  0.405590 
2.046312 -1.187332  0.842540  0.295128 
0.484481 -0.710319  1.138108  0.693709 
1.006471 -0.804648  0.782811  0.697967 
1.093415 -0.628634  0.016709  0.639565 
0.487203 -0.675949  1.287009  0.677109 
0.496773 -1.286085  1.717885  0.611572 
0.525976 -0.854515  1.060024  0.722274 
0.147163 -0.462560  1.707168  0.497138 
0.404759 -1.244565  1.841231  0.603432 
0.723498 -1.127843  1.523784  0.675697 
0.407597 -0.690251  1.088939  0.682827 
2.819203 -1.063802  0.187684 -0.233407 
0.663739 -0.675473  0.465998  0.706488 
0.572692 -0.874725  1.000531  0.728083 
0.731529 -1.286437  0.937431  0.664296 
0.321993 -1.038057  1.493194  0.666657 
0.596122 -0.925160  1.318776  0.713288 
0.612973 -0.809969  1.112616  0.717725 
2.369893 -0.840825 -0.272166  0.105246 
1.134666 -1.128026  0.752772  0.663286 
0.554533 -1.273403  1.916735  0.598682 
2.091238 -0.789651 -0.424702  0.267841 
0.533527 -0.880712  0.898274  0.730587 
0.553242 -0.817247  1.349210  0.703719 
0.189457 -0.895416  2.116219  0.575767 
1.265539 -1.197117  0.649479  0.618063 
0.061733 -0.886189  2.543839  0.471533 
0.098070 -0.882790  2.928239  0.416549 
1.424990 -1.092472  0.389578  0.595620 
0.217498 -0.671232  1.848280  0.581145 
2.035443 -1.171769  0.790627  0.306580 
0.043843 -1.267704  3.716918  0.163561 
0.449183 -0.820089  0.638951  0.724518 
0.192422 -0.935985  2.562906  0.512235 
1.271669 -1.066765  0.547448  0.644401 
0.983311 -0.904861  0.514810  0.712576 
1.775725 -0.686359 -0.222921  0.423828 
0.516532 -0.961148  1.747526  0.674731 
1.216905 -1.125174  1.080624  0.634533 
0.495939 -0.783095  1.232268  0.703204 
0.466971 -0.606363  0.625943  0.678874 
0.450381 -0.903662  1.761376  0.667815 
0.199239 -0.593283  1.847618  0.552382 
0.729350 -1.056589  1.013831  0.718543 
0.264350 -1.075105  2.079452  0.589678 
0.111153 -0.654242  1.565574  0.571370 
0.905194 -0.610184  0.341463  0.669844 
0.051169 -0.679057  2.406091  0.457689 
1.079584 -0.675366  0.242343  0.661400 
0.153795 -0.965040  1.705071  0.611076 
0.218585 -0.824204  2.105680  0.579997 
0.614454 -0.725833  0.685261  0.717447 
1.956125 -1.054358  0.807073  0.371573 
0.565128 -0.593723  0.647878  0.680591 
0.443061 -1.147940  2.168848  0.595680 
0.192223 -0.870578  2.795405  0.470356 
0.241462 -1.130247  0.981961  0.664166 
0.533300 -1.186634  1.234170  0.682753 
0.178338 -1.339865  3.105145  0.321901 
0.487507 -0.970282  1.618792  0.684348 
0.512712 -1.098812  0.936227  0.714686 
1.329761 -0.935770  1.200480  0.618473 
1.036001 -0.933545  0.757838  0.701803 
0.200917 -0.300318  1.152291  0.462562 
0.338044 -0.643172  1.248739  0.650360 
0.950078 -0.754239  0.569310  0.701470 
0.580395 -1.061478  1.217509  0.710381 
0.986078 -1.036485  0.903107  0.699979 
1.286939 -1.098529  0.826207  0.631076 
1.005403 -1.072782  0.648961  0.698109 
1.615691 -1.043588  0.790677  0.530981 
2.849855 -0.717906 -0.377563 -0.298107 
0.490846 -0.685166  1.141029  0.688083 
0.050001 -0.960023  2.969784  0.391714 
1.570813 -1.126479  0.332061  0.537806 
0.182096 -0.730368  1.706235  0.599602 
1.015068 -0.957239  0.297266  0.706332 
0.186957 -0.914975  2.163744  0.569383 
0.268962 -0.764143  1.263736  0.663234 
0.171979 -0.713749  1.499108  0.611201 
0.115245 -0.709553  1.864458  0.558062 
0.342437 -0.836070  1.836505  0.640258 
0.290625 -0.971485  1.887010  0.628142 
0.306434 -0.985950  1.957859  0.622778 
0.168568 -0.897181  2.347790  0.537995 
0.263567 -0.780875  1.422705  0.654017 
0.327361 -0.654477  1.102267  0.659513 
0.247875 -0.483953  1.585608  0.546426 
1.738527 -1.048437  0.296966  0.480975 
0.203848 -1.006506  2.067564  0.583539 
0.283719 -0.778246  1.789667  0.625999 
0.912150 -0.817816  0.520383  0.715888 
1.666900 -0.988619 -0.057861  0.507739 
0.183136 -0.465013  1.114019  0.552115 
0.355986 -0.940881  1.279337  0.693922 
1.088172 -0.870388  0.779730  0.690212 
1.347250 -0.706647  0.464499  0.607656 
1.613510 -1.085108  0.549293  0.529527 
2.773756 -0.691082 -0.339898 -0.236009 
0.371814 -1.114978  2.394119  0.560976 
1.138869 -0.664627  0.277023  0.647449 
1.093652 -0.920000  0.850603  0.689137 
1.236044 -0.802565  0.550977  0.654687 
0.221232 -0.606188  1.848235  0.562664 
0.202681 -1.013663  1.998003  0.591067 
0.505913 -0.832354  1.005707  0.721340 
0.711426 -0.813773  0.912794  0.724376 
0.658430 -1.038066  0.616837  0.733277 
1.244532 -1.306454  0.528345  0.588177 
0.892983 -0.722951  0.278268  0.700947 
0.956721 -1.010409  1.261797  0.689951 
2.295021 -0.903167 -0.387807  0.152904 
0.798510 -1.356229  0.968719  0.630992 
0.095618 -1.044616  2.429550  0.495931 
1.224100 -0.932689  0.411128  0.665868 
1.735393 -0.893223  0.074404  0.483980 
2.023367 -0.917452  0.770544  0.343752 
1.021091 -1.050314  0.660382  0.698507 
0.589075 -0.924815  1.556982  0.695447 
0.233383 -0.843850  1.771760  0.623834 
0.847956 -0.998107  0.991325  0.716955 
0.984729 -0.744044  1.319380  0.667897 
0.682507 -0.843115  1.454628  0.698871 
0.710808 -0.943958  0.978879  0.728875 
0.107602 -1.227932  2.911446  0.378563 
0.733946 -1.026801  1.155156  0.715135 
0.754221 -1.048278  1.034960  0.717410 
1.380218 -1.003178  0.469388  0.620763 
0.172788 -1.156605  2.574858  0.478213 
0.320318 -1.116622  1.080594  0.680287 
0.534723 -1.223667  1.786733  0.628009 
1.191253 -0.859270  0.504089  0.671251 
0.881327 -0.967568  0.459263  0.725115 
1.752492 -0.853875  0.374597  0.479826 
2.175419 -0.777075  0.089624  0.239900 
1.563332 -1.207974  1.103348  0.506864 
0.586815 -0.943189  1.616702  0.690186 
0.667934 -1.072301  1.296480  0.703731 
0.856080 -1.027459  1.041172  0.711620 
0.228142 -1.071734  2.238438  0.560371 
0.147439 -0.915678  1.665408  0.613348 
1.153186 -0.939826  0.755200  0.679446 
0.787802 -1.070990  1.499417  0.683866 
0.611249 -0.996184  1.410606  0.704798 
0.187281 -0.887045  1.806643  0.610633 
0.143494 -0.916313  2.763698  0.463163 
0.766359 -1.328893  1.637970  0.601962 
0.372728 -0.686586  0.838782  0.686037 
0.790666 -0.914804  0.732859  0.731507 
1.097569 -1.072989  1.290950  0.657819 
0.897288 -0.688439  1.152560  0.676866 
0.390635 -0.835198  1.634670  0.667907 
1.007898 -0.854127  0.687519  0.704698 
0.981145 -0.825448  0.755194  0.704860 
0.643838 -0.724678  0.884314  0.712368 
0.210130 -0.647732  2.000436  0.555466 
0.360324 -0.919680  1.561098  0.674058 
0.434468 -1.030302  1.851767  0.651833 
1.114098 -0.828152  1.152584  0.667730 
0.922351 -1.243627  0.538912  0.670510 
0.864057 -1.221429  1.393672  0.651900 
0.423565 -0.808285  1.359699  0.691226 
0.075255 -0.957738  2.804520  0.432317 
0.233234 -0.830537  2.124843  0.582034 
0.494115 -1.098313  1.727609  0.661031 
0.992843 -0.893047  0.846771  0.705799 
0.809662 -1.255113  1.948691  0.594532 
0.144871 -1.030175  2.974251  0.419146 
1.158362 -1.168334  1.133959  0.635648 
0.613322 -0.871998  1.725036  0.678667 
0.129819 -0.637535  2.566596  0.448620 
0.048007 -0.550869  2.624151  0.380248 
0.226303 -0.721825  2.149539  0.559857 
0.058710 -1.063034  3.030076  0.374465 
0.446903 -1.258954  1.163468  0.657898 
0.516531 -0.779144  0.547995  0.725581 
0.383148 -0.973539  2.018542  0.630069 
2.098269 -1.608125  1.321628  0.040581 
0.199365 -1.108843  2.065104  0.569171 
0.150048 -0.443086  1.217933  0.525907 
0.364800 -1.170086  0.962333  0.681577 
0.579668 -0.882964  1.262927  0.715434 
0.410555 -1.144131  1.757073  0.640183 
1.247523 -1.015282  1.121478  0.640905 
0.480042 -0.766019  0.504862  0.720815 
0.442591 -0.689504  1.037210  0.689364 
0.442271 -1.010616  1.617207  0.677528 
1.216338 -0.663061  0.372612  0.630841 
0.142173 -1.156999  2.321120  0.507790 
0.510646 -1.283989  2.104027  0.570188 
0.308269 -1.319302  3.068956  0.370070 
0.406925 -1.058071  1.973419  0.631426 
0.373203 -1.178590  2.123982  0.584606 
0.084796 -0.459728  1.949630  0.449346 
0.481012 -1.164682  2.145962  0.598597 
1.282523 -1.203561  1.431784  0.577954 
1.718553 -0.737488 -0.026401  0.469638 
0.453241 -1.032768  1.383319  0.695230 
0.963862 -0.580810 -0.198071  0.635915 
0.780849 -1.086923  0.929298  0.714380 
1.274109 -1.340361  1.245059  0.544542 
0.490830 -0.619233  0.318331  0.684853 
1.095672 -0.853330  1.272797  0.666800 
0.346119 -0.893400  1.419805  0.682065 
1.475039 -1.002363  0.860521  0.584902 
0.764750 -0.571818  0.658644  0.668601 
0.473450 -0.997090  1.958071  0.646989 
1.418544 -1.077392  1.095471  0.586033 
1.206894 -0.843073 -0.164385  0.650826 
0.741391 -0.734789  0.650196  0.716379 
0.216443 -0.865667  2.059984  0.588776 
0.148343 -0.832691  1.702664  0.605372 
0.242136 -1.165987  2.168541  0.555052 
1.386937 -0.721172 -0.519009  0.562239 
0.356494 -1.025785  1.927080  0.632649 
0.125862 -0.871518  2.554370  0.491520 
0.518100 -0.869145  1.234058  0.713836 
0.155732 -0.989437  1.542735  0.624965 
1.272650 -1.046342  1.374216  0.616189 
0.397509 -1.082322  2.063252  0.615806 
0.110338 -0.450612  2.007871  0.446959 
0.119223 -0.545388  1.770351  0.518165 
0.275497 -1.111484  1.968288  0.599553 
0.837291 -1.024525  1.019350  0.714588 
0.504105 -0.637385  0.910001  0.685626 
0.412947 -0.814112  0.994278  0.710298 
1.525222 -0.857223  0.278087  0.571048 
0.992472 -0.944908  0.635050  0.710620 
0.840909 -1.055306  0.864926  0.716275 
0.669638 -0.957020  1.923056  0.658548 
0.526956 -0.575876  0.399357  0.673285 
0.361751 -0.953734  1.989053  0.630815 
0.566414 -0.909502  1.156539  0.722044 
0.436636 -1.035406  1.074803  0.711019 
0.479422 -1.082887  2.113254  0.618968 
0.744499 -0.568593  0.859226  0.664320 
0.339772 -0.874128  1.911573  0.634532 
0.174388 -0.582569  1.386721  0.582333 
0.173906 -0.775140  1.685977  0.607280 
0.153586 -0.796714  1.606899  0.611513 
0.418651 -0.717333  0.966514  0.695778 
0.330837 -0.989255  1.055153  0.699569 
1.419943 -0.799910 -0.042875  0.592197 
0.284667 -0.659556  1.467462  0.629304 
0.587099 -0.976441  1.914255  0.659326 
0.408783 -0.845158  0.989855  0.713113 
0.842744 -1.007429  1.141444  0.709937 
0.712195 -1.274381  1.803518  0.609522 
0.661625 -1.081213  1.919241  0.647776 
1.886294 -0.850548  0.208831  0.413438 
0.986018 -1.049803  0.952287  0.696746 
0.532359 -1.062185  1.279374  0.704847 
0.115218 -1.062609  2.507644  0.488205 
0.683341 -0.463116  0.401654  0.626999 
0.783621 -1.242753  1.318489  0.657175 
0.714946 -0.921934  1.164923  0.720260 
0.546008 -1.113019  1.143611  0.704971 
0.774015 -1.399222  0.552980  0.621762 
0.676921 -0.927986  1.221136  0.718471 
1.023266 -1.045906  0.797813  0.696105 
0.113933 -1.102649  2.510986  0.480960 
0.769801 -1.198283  1.098731  0.683781 
1.961594 -0.886241 -0.190448  0.362834 
0.474974 -0.946645  1.354406  0.704665 
1.663369 -1.338547  0.927011  0.428537 
1.597845 -1.013014  0.400904  0.544345 
0.552189 -1.077703  1.373899  0.697307 
0.666439 -0.905463  1.083478  0.725588 
0.219193 -1.020472  1.857705  0.610793 
0.723185 -0.712871  0.546100  0.713496 
0.596055 -0.850211  1.112765  0.721786 
0.376778 -0.640951  1.213615  0.658389 
1.467087 -0.871939  0.640600  0.593064 
0.999754 -0.899861  1.008753  0.699406 
0.485146 -1.065569  1.894607  0.648063 
0.332890 -0.876665  1.069121  0.699670 
0.422847 -0.855746  1.661657  0.671678 
1.151746 -0.604156  0.145198  0.623699 
2.384320 -1.142594  0.655170  0.096004 
0.750900 -1.377091  1.731516  0.573121 
0.219296 -0.952856  1.940183  0.605620 
0.343125 -0.490313  0.774362  0.613668 
0.724949 -0.795175  1.307955  0.702121 
0.615878 -0.789866  1.083335  0.716432 
0.186753 -1.039973  1.961761  0.588207 
1.351457 -1.065533  1.300194  0.596843 
0.613580 -0.609273  0.619734  0.686841 
0.231964 -0.959761  2.134431  0.585102 
0.321218 -1.036811  2.044862  0.611154 
1.935144 -0.998723  0.857122  0.386786 
0.473482 -0.932144  1.873861  0.658747 
0.659125 -1.288789  1.693873  0.616750 
0.747396 -1.020646  1.567099  0.686815 
0.541175 -1.076002  1.400381  0.695222 
1.767735 -1.042004  0.104831  0.464566 
1.400469 -1.324236  0.801629  0.533607 
0.575087 -0.769201  1.006349  0.716188 
1.762258 -0.937122 -0.043029  0.468568 
0.118316 -1.133209  2.901463  0.408471 
0.586378 -0.986872  1.843888  0.666447 
1.374819 -0.917008  0.571574  0.624815 
0.358261 -1.121503  1.673498  0.644949 
0.324637 -1.347337  1.668627  0.568606 
0.090522 -0.940016  2.095218  0.547444 
0.922634 -1.031151  1.665880  0.661496 
0.495091 -0.983848  1.714443  0.675452 
2.132896 -1.136601  0.391530  0.261296 
0.163055 -1.099380  2.667079  0.471485 
1.258537 -1.127907  0.964080  0.628565 
0.414813 -0.879676  0.972103  0.717007 
1.207854 -1.122397  0.621863  0.650266 
0.764976 -0.726729  0.494547  0.714406 
0.480996 -0.579417  1.078869  0.657923 
0.616999 -0.861333  1.256626  0.714832 
0.555468 -0.653851  0.938695  0.692255 
0.143778 -0.672184  2.231186  0.513253 
0.648883 -1.033243  1.265552  0.710947 
0.440771 -0.891013  1.835343  0.658708 
0.493834 -0.933762  1.501925  0.695524 
0.299620 -0.730400  1.409133  0.653994 
1.495704 -0.800613  0.127935  0.572519 
0.280965 -0.637752  1.225300  0.638485 
1.175173 -0.910352  0.009487  0.668910 
0.209501 -0.919290  1.941842  0.603011 
0.821086 -0.942828  0.810048  0.727486 
0.412265 -1.112219  2.028598  0.616960 
1.291522 -0.844330  0.873553  0.639335 
0.552523 -0.453352 -0.096499  0.610041 
2.629581 -0.995430  0.269949 -0.066916 
0.830955 -0.928145  1.020399  0.719695 
0.059644 -0.715624  2.451607  0.462684 
0.066803 -0.828798  2.744938  0.435063 
0.377024 -0.966827  2.365298  0.582981 
0.905641 -0.757444  1.006546  0.697364 
1.692605 -1.562748  1.124481  0.287929 
1.178579 -0.796973  0.626197  0.666876 
0.588746 -0.763783  1.328981  0.698344 
1.037293 -0.890747  0.601798  0.703130 
0.461373 -1.149422  1.676956  0.652737 
1.879023 -0.784650  0.326749  0.411365 
0.864872 -0.685418  0.595556  0.696396 
0.677787 -0.747351  0.729258  0.720072 
2.881013 -0.875336 -0.319926 -0.300709 
0.800248 -1.090810  1.697445  0.662628 
1.340582 -1.290007  1.107324  0.553651 
1.445699 -0.915380  0.546876  0.602582 
1.448351 -1.050450  1.167760  0.576426 
0.077074 -0.910317  2.376423  0.503887 
0.176438 -0.938697  2.081551  0.576956 
1.013990 -0.904470  0.989442  0.698085 
0.629886 -0.760459  1.173284  0.707165 
0.600808 -0.911884  0.737573  0.737766 
0.255511 -1.164304  2.009712  0.578711 
1.440641 -0.953237  0.893943  0.597786 
1.048886 -0.466537  0.005478  0.583545 
0.521762 -0.909904  1.382101  0.706232 
1.203511 -0.645546  0.233412  0.627026 
0.895442 -1.026089  1.512707  0.678454 
0.534127 -0.935374  1.281097  0.713798 
0.715713 -0.549037  0.288772  0.662116 
0.970906 -0.784652  0.715995  0.701853 
0.358794 -0.921760  1.509826  0.678033 
0.874352 -0.453712 -0.202421  0.592674 
1.576258 -1.358631  0.717213  0.460026 
2.594069 -1.057453 -0.248939 -0.063063 
0.832788 -1.175425  1.064752  0.686651 
0.489949 -0.989664  1.923436  0.652861 
1.669982 -0.781034  0.683377  0.506203 
1.670132 -1.156730  0.985507  0.482941 
0.341358 -0.955621  2.386280  0.574159 
1.045904 -1.000531  1.274588  0.676188 
0.977143 -0.884492  0.907166  0.705918 
0.863898 -1.019861  0.928775  0.715957 
0.838755 -0.910712  0.881847  0.723839 
1.307349 -1.011158  1.367405  0.610938 
0.403695 -0.778286  1.667960  0.659543 
0.425429 -1.032279  1.783081  0.657693 
0.403539 -1.015940  1.523323  0.680131 
0.465880 -1.000582  1.697627  0.673423 
0.449879 -0.768769  1.008566  0.707741 
0.699618 -1.048666  1.122353  0.715832 
1.259138 -0.429581 -0.665160  0.480401 
0.795538 -1.268798  1.182082  0.655766 
0.774099 -0.706068  0.456224  0.709256 
1.465439 -0.887003  0.261319  0.593402 
0.541405 -1.041059  1.402816  0.699675 
1.785550 -0.988928  0.904408  0.459655 
0.285990 -1.206564  1.964430  0.579962 
0.870654 -0.989895  1.256724  0.702033 
0.438116 -0.967949  1.445823  0.693687 
0.475385 -0.826798  1.255400  0.705716 
0.871970 -0.661353  0.733873  0.687425 
0.512240 -0.979595  1.436205  0.700663 
0.484664 -0.681020  1.207240  0.682955 
0.459948 -0.829688  1.693612  0.670600 
0.487814 -0.817876  1.327132  0.701292 
0.448898 -1.265235  1.804101  0.605907 
0.810215 -0.613541  0.836594  0.676284 
0.350515 -1.458365  2.065188  0.476485 
0.107545 -0.888232  2.771602  0.449128 
0.598032 -1.266900  1.778480  0.616711 
0.641228 -0.772286  0.977893  0.718038 
1.965985 -1.017426  0.870427  0.368608 
0.807632 -1.008287  1.342849  0.700931 
0.207320 -0.748924  1.869087  0.593723 
0.610195 -1.192883  1.850614  0.632063 
1.208630 -0.690105  0.586676  0.639846 
2.051176 -1.117196 -0.328010  0.289075 
1.249510 -0.894924  0.744845  0.656637 
1.551097 -0.904958  0.730089  0.563346 
1.279917 -0.487336 -0.836542  0.487610 
0.161351 -0.786233  1.772758  0.596755 
1.009120 -1.035267 -0.145053  0.688714 
1.058823 -0.872861  0.957720  0.690418 
1.750824 -0.822488  0.171569  0.474427 
1.155931 -1.230491  0.818150  0.631030 
0.442725 -1.033809  1.053086  0.712874 
0.886566 -0.645959  0.631514  0.683056 
1.639205 -0.918490  0.475164  0.531667 
0.106987 -0.831236  2.276966  0.523952 
1.470791 -0.826969  0.216041  0.586264 
2.152477 -1.031303  0.660276  0.265348 
0.787220 -0.798383  1.301248  0.699407 
0.201624 -0.609878  1.330287  0.603357 
0.367591 -1.159976  1.845574  0.620999 
0.526396 -1.047364  1.379034  0.699845 
0.178916 -1.088763  2.210932  0.547915 
0.163087 -1.077446  2.771835  0.456700 
1.162816 -1.492432  1.187790  0.498457 
1.185761 -0.745581  0.008297  0.649208 
1.092036 -0.765661  0.513025  0.680707 
1.082943 -0.673455 -0.116988  0.649164 
1.604512 -0.988140  0.532753  0.543762 
1.453047 -0.794131  0.204841  0.587960 
0.823172 -1.018829  1.074783  0.713922 
0.931212 -0.531403  0.014696  0.630222 
0.248329 -0.716666  1.442786  0.636906 
0.714400 -0.476910  0.132788  0.628101 
0.916124 -0.770188  0.914039  0.701720 
1.648600 -1.166335  0.966412  0.490285 
1.343170 -0.978324  0.091200  0.627547 
1.390698 -0.803610  0.465828  0.612098 
1.074667 -1.040508  1.191108  0.672243 
0.130239 -0.902821  2.211174  0.545415 
0.225981 -0.793916  2.317087  0.549559 
0.109137 -0.988577  3.170204  0.371036 
1.428593 -1.312006  0.535755  0.533309 
1.031135 -1.263703  1.756175  0.585171 
0.725260 -0.679355  0.772787  0.702325 
1.832193 -1.099932  1.035424  0.419626 
1.452563 -1.189043  0.822672  0.561710 
0.473350 -0.709529  1.134720  0.692712 
0.922280 -0.855731  0.704981  0.716514 
0.542970 -0.653068  0.496887  0.699431 
0.458679 -0.722237  1.081231  0.696675 
0.793479 -1.044795  0.995302  0.716931 
0.548693 -0.824743  1.062439  0.720520 
0.859764 -1.114586  1.358377  0.680925 
1.080690 -0.767531  0.621723  0.682489 
0.455397 -1.024308  1.869619  0.652852 
0.258120 -0.857187  1.733468  0.634840 
0.742311 -1.383059  1.663366  0.577294 
1.276606 -1.056074  0.853882  0.639477 
0.611169 -0.991790  1.123267  0.722643 
0.631759 -0.803586  1.161314  0.714347 
0.218089 -0.626126  1.499524  0.600729 
0.108715 -0.932462  2.120026  0.550637 
0.598932 -1.183846  1.887991  0.630367 
0.333153 -0.859748  1.143130  0.695059 
0.837619 -0.959125  0.756570  0.726939 
0.991422 -0.706422  0.643153  0.685106 
1.219037 -1.207404  1.125593  0.611881 
0.616803 -0.869263  1.210342  0.718066 
1.476516 -0.942981  1.083154  0.578566 
0.637028 -1.354045  1.870486  0.572878 
0.285321 -0.682943  1.487342  0.634125 
0.545408 -1.165471  1.895174  0.632822 
0.207480 -0.417997  1.000200  0.540433 
1.463343 -0.817262  0.216707  0.587715 
1.151882 -1.259985  0.938454  0.618667 
0.200054 -1.095134  2.039739  0.574903 
0.161251 -0.725216  2.108024  0.547554 
0.121652 -0.724130  2.739030  0.438787 
0.038119 -0.532696  2.833861  0.332266 
0.620221 -0.527148  0.561698  0.656741 
1.942198 -1.049520  0.746519  0.380892 
0.713977 -1.353127  1.903825  0.567629 
0.569872 -0.974892  1.661255  0.684850 
1.146675 -0.785399  0.408204  0.672657 
0.408672 -1.039571  1.630752  0.669283 
1.031725 -0.811465  0.709394  0.696230 
0.755611 -0.977789  1.328815  0.707358 
0.756483 -0.869140  0.747417  0.731639 
0.275818 -0.877510  1.470235  0.663285 
0.667444 -0.676009  0.930844  0.698926 
0.912310 -0.954572  0.341169  0.721262 
0.331668 -0.841947  1.436406  0.674886 
1.649835 -1.128582  0.758189  0.504315 
2.626130 -0.989376  0.408612 -0.062272 
0.582904 -0.876175  1.116696  0.723193 
2.025926 -0.992175  0.568143  0.343274 
0.931525 -0.896842  0.902487  0.712757 
0.946979 -0.825598  1.070566  0.699153 
1.050603 -0.745845  0.932203  0.677019 
0.500295 -0.904322  1.354352  0.706575 
0.642608 -1.050435  1.709689  0.674215 
0.235331 -0.866471  2.084492  0.590702 
0.894363 -0.728062  1.109253  0.688410 
1.529221 -1.307094  0.899753  0.494263 
0.692767 -0.912488  0.966754  0.729930 
0.113126 -0.639007  2.087099  0.512792 
0.858212 -0.873001  1.224363  0.705365 
2.069089 -0.917109 -0.141110  0.306566 
0.656803 -1.047772  1.277624  0.708421 
0.993040 -0.942526  0.191944  0.708182 
1.567487 -0.697521 -0.085762  0.520035 
0.603792 -1.024069  1.202390  0.715858 
1.362732 -1.237480  1.202118  0.560245 
0.178726 -0.933169  2.149964  0.568914 
0.568378 -0.939635  1.563447  0.694430 
1.492473 -0.660223 -0.006375  0.540671 
0.801974 -1.092047  1.380294  0.688453 
0.399170 -1.315497  2.234052  0.529312 
1.555323 -0.580992 -0.583947  0.460037 
0.860896 -0.673765  0.142656  0.689866 
0.233877 -0.657371  1.596421  0.606039 
0.610794 -0.775725  0.621922  0.727457 
0.207903 -1.131690  2.351309  0.528385 
0.390410 -0.988164  1.884157  0.645848 
0.057750 -0.730156  1.366752  0.586145 
0.290438 -1.012957  1.589937  0.654616 
0.665853 -0.863742  1.662375  0.683459 
0.214038 -0.903154  2.199143  0.571946 
0.036885 -0.745685  2.253968  0.489121 
0.887959 -1.116613  1.602097  0.658628 
0.763780 -0.708605  0.937834  0.702638 
0.130771 -0.470023  1.333267  0.525749 
0.853309 -1.011536  1.867200  0.650719 
0.585089 -1.125449  1.891551  0.643291 
0.486081 -0.875403  1.316872  0.706748 
0.420302 -0.898612  1.199345  0.707873 
0.746162 -1.062222  1.340337  0.699305 
0.331040 -0.958552  1.797845  0.646296 
0.652412 -0.749690  1.262322  0.699856 
1.078716 -0.960948  0.995618  0.686558 
1.164827 -0.691869  0.474669  0.650590 
1.221604 -0.418838 -0.731998  0.478388 
1.211206 -0.748949  0.507945  0.652323 
0.427976 -0.952854  2.103663  0.626477 
0.591996 -0.991389  1.324953  0.710915 
0.573990 -0.991367  1.715427  0.678952 
1.432323 -0.848194  0.363921  0.603173 
0.584675 -0.604397  0.864301  0.680159 
1.155738 -1.056214  1.583054  0.626548 
0.263973 -0.965525  2.258575  0.576111 
2.287959 -0.907452  0.078578  0.179442 
1.006657 -1.283314  1.174027  0.626829 
1.578993 -0.747670 -0.440533  0.507029 
1.000403 -0.912845  0.966883  0.701261 
0.966076 -1.081699  1.189232  0.684349 
0.204137 -0.569989  0.874484  0.612059 
1.052504 -0.810163  0.373521  0.693936 
0.264056 -0.822179  1.918364  0.613571 
0.309655 -1.101843  2.000862  0.604833 
0.742558 -0.578721  0.185524  0.670138 
0.163140 -0.641445  1.504274  0.589377 
1.452479 -0.991794  0.556361  0.598442 
0.967124 -1.088526  0.814148  0.698207 
1.829918 -1.150601  0.527167  0.422194 
0.854300 -0.739948  0.520051  0.710019 
0.524299 -1.105543  1.402147  0.689329 
0.081835 -0.904936  2.767173  0.441506 
0.397570 -0.873517  1.246971  0.700892 
0.566496 -1.087155  1.700066  0.669463 
0.389299 -1.142619  1.361847  0.670725 
0.213042 -0.861382  2.113201  0.580889 
0.879415 -0.805974  1.012680  0.707430 
1.286396 -0.823330  0.558842  0.644229 
0.360215 -0.956111  0.978821  0.709459 
1.471243 -0.641716  0.030903  0.543943 
0.456528 -0.621066  0.712234  0.681388 
0.889360 -0.742210  0.731096  0.704592 
0.792834 -0.662452  0.325962  0.696026 
1.077980 -0.857955  0.987008  0.684858 
0.381135 -1.111901  2.117803  0.601407 
1.250796 -1.096758  0.655179  0.644134 
0.152582 -1.066765  2.579626  0.488076 
1.020888 -0.943979  1.348184  0.678062 
0.587885 -1.252037  1.339191  0.658551 
0.437234 -1.026367  1.605079  0.676583 
1.218215 -1.076345  0.666122  0.655287 
0.693406 -0.964992  1.437359  0.703085 
0.301486 -0.611713  1.460555  0.618973 
0.713477 -0.775310  1.125265  0.710098 
0.786624 -0.758370  0.347279  0.718353 
0.710761 -0.823659  1.289814  0.707409 
0.340193 -0.862214  1.260131  0.689992 
0.793851 -1.059975  1.619496  0.674870 
1.507707 -1.280664  0.914474  0.511365 
0.219047 -1.050290  2.117150  0.576973 
0.309597 -0.655621  1.734910  0.610124 
0.085909 -0.547116  1.936064  0.489611 
0.812433 -0.969978  1.249534  0.708798 
0.993432 -0.979337  1.087904  0.696109 
0.332321 -0.830436  1.818198  0.639752 
0.891727 -1.398373  1.178272  0.593366 
0.790803 -0.658851  0.797192  0.692438 
0.572353 -0.928430  2.004957  0.649648 
1.048654 -0.988336  0.749804  0.698072 
1.287114 -1.014772  0.972478  0.637225 
1.078845 -0.807205 -0.034752  0.679368 
1.271225 -1.113842  1.026229  0.625583 
1.313437 -0.999231  0.633883  0.639636 
1.039028 -1.021561  1.185041  0.680817 
0.939640 -1.002257  1.186470  0.697215 
0.785497 -0.823543  0.852210  0.723324 
0.651462 -0.922041  1.000111  0.729771 
0.882548 -1.089052  1.432462  0.677816 
0.284242 -0.763387  0.765817  0.687110 
1.212113 -0.940068  0.701183  0.667163 
0.476926 -1.203115  1.752673  0.633338 
0.239825 -0.860354  1.459086  0.654461 
0.139769 -0.650434  2.055324  0.528837 
0.063467 -0.615002  2.592167  0.414270 
0.861858 -0.960632  0.808549  0.723408 
0.669837 -0.635626  0.688284  0.693585 
0.479039 -1.069986  1.713917  0.665582 
0.488313 -0.896186  1.473437  0.696733 
1.032039 -1.050760  0.976028  0.688509 
0.238271 -0.857281  1.640962  0.638684 
0.518273 -0.642507  0.189235  0.691767 
0.660350 -1.103547  1.627837  0.673488 
1.654595 -0.894186  0.763029  0.521866 
1.578738 -0.934686  0.881631  0.549495 
0.315486 -1.024248  1.335987  0.678237 
0.452736 -1.123053  1.584087  0.665760 
0.825944 -1.160776  1.340263  0.675391 
0.146882 -1.110978  3.020430  0.398998 
0.765820 -1.135903  0.874862  0.707978 
0.718578 -0.932197  1.011669  0.727349 
0.092012 -0.700403  2.444326  0.472064 
0.680639 -0.863243  1.382203  0.705801 
0.948104 -0.635583 -0.179024  0.657116 
0.706004 -0.865631  1.258913  0.713182 
1.047597 -1.041921  1.037308  0.684442 
0.610592 -1.230676  1.839192  0.622333 
0.120847 -0.877387  2.389110  0.515954 
0.866930 -0.710291  0.607457  0.702020 
1.122448 -1.153031  1.370503  0.632602 
1.067894 -1.127311  0.897805  0.672530 
1.353184 -0.984914  0.428813  0.629904 
0.428423 -0.784845  1.309799  0.691932 
0.363045 -0.800942  1.635017  0.659569 
1.407896 -1.260123  1.266362  0.535270 
0.070849 -0.963725  2.743718  0.441444 
0.378825 -0.980765  1.765194  0.656977 
0.655675 -0.761561  0.665249  0.724173 
2.702474 -1.073936  0.164029 -0.136492 
1.227956 -1.084408  1.084068  0.639031 
1.047160 -0.787022  0.577351  0.691926 
1.231515 -1.232537  1.367981  0.586940 
0.583577 -0.745654  1.110582  0.707528 
0.622807 -0.893330  1.143050  0.722881 
0.532991 -0.665482  0.804196  0.698518 
1.012691 -0.873957  1.079214  0.693170 
0.134685 -0.777323  1.538675  0.608497 
0.648858 -1.059991  1.473708  0.693342 
0.499989 -1.262203  2.125736  0.574341 
0.634631 -1.117032  1.129257  0.706207 
2.006223 -1.090764  0.754446  0.340381 
3.040483 -0.985484 -0.320669 -0.448468 
0.751711 -1.239448  1.571431  0.641218 
0.837594 -1.097229  1.278036  0.691380 
0.381929 -0.892634  1.422234  0.687836 
0.267996 -1.148301  2.583108  0.503928 
0.932172 -0.935116  0.857628  0.714603 
1.957468 -0.966175  0.676876  0.380716 
2.013110 -1.209933  0.726108  0.310150 
2.333250 -1.205216 -0.227024  0.097959 
0.637987 -1.481016  1.960773  0.499115 
0.230601 -0.839799  2.021629  0.595112 
0.517999 -1.180281  1.723001  0.645529 
0.759145 -0.886600  1.459348  0.698078 
0.806487 -1.201898  0.859443  0.689407 
0.685294 -0.482877  0.001632  0.627879 
0.147128 -0.917271  2.542837  0.501895 
1.952071 -1.062404  0.561110  0.376411 
0.952589 -0.966269  0.831317  0.712001 
0.610685 -1.190168  2.170760  0.594507 
0.311885 -0.933072  1.849049  0.637590 
0.448020 -0.865395  1.612592  0.679774 
0.782319 -1.059522  1.566570  0.680331 
0.158171 -0.963533  2.326777  0.537872 
0.116790 -0.966246  2.401376  0.513512 
1.064210 -1.041254  1.290114  0.668206 
0.651599 -1.104284  1.346228  0.695595 
0.371489 -1.075524  1.862986  0.636065 
1.727241 -0.889939  0.611329  0.493121 
1.714680 -1.100395  0.597338  0.484646 
0.903017 -0.752628  0.709758  0.705395 
0.363617 -0.805136  1.562976  0.666495 
0.180728 -0.528801  1.452082  0.558729 
0.024104 -0.785199  2.391090  0.471017 
1.633803 -0.847504  0.474210  0.530420 
0.261972 -0.867848  1.662212  0.643263 
0.141851 -0.724371  1.664831  0.590010 
0.482347 -1.008065  1.428282  0.697096 
0.947169 -1.273128  1.410383  0.624163 
0.735609 -1.310039  1.957390  0.578369 
0.972801 -1.167521  1.414441  0.651851 
1.184268 -0.918359  0.511539  0.675332 
0.064507 -0.864007  2.909423  0.407008 
0.564046 -1.225209  1.536921  0.651770 
0.570667 -1.016778  1.574702  0.689715 
0.512213 -0.575302  0.971960  0.663335 
0.265209 -0.822636  2.222906  0.576036 
0.157495 -0.709487  1.750307  0.583453 
0.186449 -1.137589  2.058331  0.560643 
0.019693 -0.864274  4.302624  0.048357 
0.015630 -0.865542  4.341736  0.035022 
0.192590 -0.928704  2.542821  0.515558 
0.009278 -0.853747  3.363158  0.290354 
0.105916 -0.635139  2.346046  0.474019 
0.446940 -0.757778  1.196618  0.696475 
0.123944 -0.927316  2.556262  0.492336 
0.980453 -0.954765  1.196642  0.693395 
1.464259 -1.207415  1.145704  0.540182 
0.306862 -0.845147  1.500044  0.665381 
1.018624 -1.180337  0.817548  0.671059 
0.566714 -1.114440  1.427168  0.687720 
0.629789 -0.494217  0.479219  0.642688 
1.532007 -0.837251  0.414559  0.568313 
0.271874 -0.788869  1.605984  0.642375 
1.277053 -1.165665  1.041015  0.612253 
0.541526 -0.808491  1.138207  0.714673 
1.239176 -1.328896  0.933968  0.572875 
0.606102 -0.734435  1.188978  0.701501 
0.055301 -0.966740  3.077160  0.372096 
0.226487 -1.238007  2.236286  0.521803 
1.419077 -0.760282  0.272265  0.594924 
1.143468 -0.744551  0.461799  0.666617 
0.810463 -0.749445  0.754565  0.712952 
0.231231 -0.868637  1.543704  0.646104 
0.850424 -0.964350  0.804136  0.724502 
1.188179 -1.163244  1.108306  0.631539 
0.974613 -1.133942  1.227861  0.671405 
1.164346 -0.716763  0.259277  0.654553 
0.249324 -0.658355  0.770719  0.655212 
0.259662 -0.964450  2.122697  0.593304 
0.860319 -1.020004  1.666492  0.669444 
1.025581 -1.056497  1.738151  0.636877 
1.365064 -1.354124  0.640007  0.534747 
0.939096 -0.919659  0.898838  0.712415 
0.760269 -0.973260  1.134792  0.718617 
1.143308 -0.778897  0.870590  0.666925 
1.202300 -1.432657  0.574052  0.541140 
0.387671 -0.532885  0.440440  0.642462 
0.286561 -0.612968  0.590369  0.652826 
0.100421 -1.159910  2.053428  0.528991 
0.741074 -1.072241  0.661804  0.725431 
0.966395 -0.932794  0.770957  0.712249 
0.539170 -0.843296  1.075827  0.721313 
0.212717 -0.894153  1.850596  0.613371 
0.449556 -0.924869  1.937941  0.649190 
0.386415 -1.089152  2.270707  0.585712 
0.426820 -0.721130  1.353392  0.677255 
0.257725 -0.835268  1.517560  0.652138 
0.918453 -1.234528  1.533066  0.631191 
1.051455 -0.938917  1.158301  0.684388 
2.343706 -1.048918  0.083473  0.135120 
0.382316 -1.134585  1.794846  0.634325 
0.275681 -0.919759  2.081191  0.602842 
0.290679 -0.869168  1.669694  0.649154 
0.689706 -0.873728  1.292281  0.712186 
0.070768 -0.791507  2.934199  0.396955 
0.105273 -0.834963  2.600212  0.474203 
0.567135 -0.875112  0.921658  0.730876 
0.537757 -1.002312  1.448477  0.699793 
0.492527 -1.240704  1.685747  0.629855 
1.566935 -1.027060  0.538794  0.555078 
0.658596 -0.946949  1.271398  0.715753 
2.043128 -1.015419  0.415589  0.331898 
0.546630 -0.794368  0.817356  0.725343 
0.162203 -0.768412  1.610410  0.609559 
0.810809 -1.463457  1.763034  0.522448 
0.599709 -0.820215  1.485269  0.695194 
0.393302 -1.223576  2.124555  0.575090 
0.642303 -0.672752  0.790794  0.702599 
1.404214 -0.831754  0.866679  0.605597 
0.151050 -0.642697  1.231381  0.604871 
0.515126 -1.234077  1.832255  0.618956 
0.169728 -0.547474  2.048287  0.503920 
0.657926 -0.569582  0.757966  0.670334 
1.549007 -1.091724  0.846174  0.548278 
1.076393 -0.824979  0.699506  0.690136 
1.354486 -0.920442  0.865841  0.625606 
0.884367 -1.143667  1.202996  0.682094 
0.371167 -1.184254  1.910586  0.608444 
1.367670 -1.187113  1.414540  0.559721 
0.391422 -1.022298  1.356547  0.690259 
0.134721 -0.873568  1.763723  0.598302 
1.204039 -1.222157  0.842542  0.622114 
0.254744 -0.486353  1.394843  0.564201 
0.544340 -0.928382  1.695964  0.681724 
1.687092 -1.141958  1.076592  0.475257 
0.358672 -1.054963  2.004788  0.620692 
0.044242 -0.831230  3.199643  0.338061 
1.268077 -1.096925  1.415536  0.607074 
0.180354 -0.811441  2.159408  0.560935 
1.470584 -0.740394  0.798797  0.572279 
1.255947 -1.270252  1.006218  0.588214 
0.539242 -1.015747  1.578722  0.688289 
0.410611 -0.981394  1.548638  0.681460 
0.389199 -0.713700  1.100726  0.685120 
0.680347 -0.657102 -0.040429  0.690945 
1.438045 -0.907865  0.093224  0.599380 
0.275341 -0.606284  2.089841  0.547875 
1.494892 -0.888555  0.322150  0.584246 
0.543597 -0.957431  1.413217  0.704977 
1.668117 -1.444156  0.377523  0.383531 
0.528999 -0.800201  0.522222  0.729448 
0.870291 -1.000872  1.087382  0.710416 
0.217444 -0.999681  1.807822  0.617307 
0.714861 -1.009147  0.909630  0.728065 
0.509373 -1.139871  2.103742  0.611904 
1.347478 -1.195200  1.388304  0.565376 
0.278124 -0.877262  1.626668  0.650772 
1.432660 -0.935569  0.180519  0.603597 
1.002779 -1.321893  0.866336  0.625485 
1.268170 -1.208547  0.673831  0.613848 
1.252153 -1.012595  0.543946  0.655535 
0.439055 -1.418300  1.985701  0.519948 
0.096936 -1.320434  2.812492  0.360620 
1.937195 -0.773142 -0.388591  0.352870 
1.741169 -0.548508 -0.806457  0.352752 
1.092981 -1.223611  0.829167  0.645599 
0.447491 -0.984649  1.977883  0.642831 
0.479644 -0.903580  2.154839  0.625266 
0.187154 -0.711743  2.057649  0.558595 
0.596232 -0.709617  1.467615  0.677768 
0.602483 -1.025884  1.282163  0.710955 
0.160977 -0.589694  1.112404  0.597212 
0.046418 -0.537964  1.871055  0.478618 
0.200283 -0.700846  1.927698  0.575155 
0.618058 -1.003309  1.193071  0.718162 
1.941680 -1.235683  0.571232  0.342808 
1.171181 -0.960840  0.987504  0.668126 
0.759496 -1.313929  1.410025  0.626931 
1.213854 -0.730032  0.648774  0.647012 
0.937242 -0.737148  0.597406  0.699713 
0.576880 -0.695023  1.213819  0.691023 
1.513387 -1.232485  1.004751  0.522190 
1.064042 -1.495142  1.787287  0.469445 
0.473626 -0.758099  1.407665  0.685764 
0.191874 -0.984564  2.545749  0.513353 
0.208466 -1.085199  2.077905  0.574146 
1.119516 -1.374269  1.769899  0.523387 
0.487979 -0.948458  1.802818  0.667379 
0.680134 -1.139820  1.760789  0.653280 
0.727822 -0.918204  1.413577  0.704028 
1.427002 -1.160870  0.727508  0.579293 
0.284687 -0.640396  1.192337  0.641965 
0.562631 -0.881072  1.383698  0.706977 
1.330201 -0.940205  1.002043  0.627850 
0.119079 -0.808074  1.635202  0.599394 
0.809658 -0.948974  1.404176  0.699477 
0.679261 -1.149530  0.756609  0.711865 
1.212604 -1.076472  1.256986  0.634694 
0.413657 -0.762019  1.292094  0.687494 
2.116223 -1.126773  0.049237  0.266603 
0.238779 -0.905447  1.972963  0.606835 
0.825142 -1.009142  0.917509  0.720852 
1.049347 -1.396796  1.310498  0.563894 
0.741869 -0.755761  0.923416  0.713959 
1.347841 -0.922348  0.760015  0.630251 
0.921748 -0.919774  0.627163  0.720439 
1.061141 -0.989260  1.079038  0.684839 
0.224121 -0.771814  1.882209  0.600779 
1.061092 -0.780901  0.313320  0.687741 
2.904160 -0.793756 -0.154780 -0.320835 
0.216035 -0.889164  2.078044  0.587694 
1.262134 -0.964628  0.915714  0.648869 
1.161130 -1.124361  0.584220  0.660784 
1.013846 -0.841392  0.189895  0.700958 
2.396236 -0.680035 -1.300696 -0.036166 
0.083901 -0.965728  2.863005  0.424389 
0.650257 -0.890471  0.851252  0.734120 
0.143031 -0.624541  2.078253  0.519245 
1.052762 -0.942155  0.749937  0.699030 
1.256547 -1.035500  0.951385  0.643950 
0.287671 -1.233777  2.337934  0.523421 
0.538011 -0.922894  1.345876  0.709786 
1.749111 -0.942258  1.016344  0.473835 
0.151115 -1.073957  2.402770  0.514415 
0.617315 -0.576345  0.635388  0.675251 
0.841992 -1.197627  1.272957  0.668857 
0.334990 -1.265304  1.870130  0.582033 
1.211274 -0.965383  0.467181  0.668505 
1.191020 -1.000192  1.119037  0.655793 
0.208786 -1.064290  2.030273  0.583203 
0.958150 -0.725637  0.353954  0.694366 
0.266435 -0.513872  1.339213  0.582970 
0.543674 -0.869593  1.750023  0.674578 
0.223491 -1.080618  2.572999  0.507421 
0.045634 -0.616171  2.067366  0.483854 
1.327408 -1.239179  0.930751  0.582236 
0.394185 -1.451851  1.642704  0.532360 
0.484794 -0.887054  0.909755  0.727179 
0.612636 -0.943895  1.140948  0.723612 
0.019447 -1.095489  3.896146  0.151780 
1.147554 -1.146550  1.109978  0.644244 
1.077909 -0.857735  0.228846  0.692101 
0.308214 -0.888294  1.878459  0.632776 
1.712041 -0.869327 -1.007129  0.418191 
0.052619 -0.346170  1.871271  0.384758 
1.076238 -0.908550  0.880090  0.691340 
1.055657 -0.961393  0.075564  0.694536 
0.295839 -1.035716  2.460110  0.548527 
0.277916 -0.516142  0.928562  0.607364 
1.026232 -0.983172  1.213388  0.684222 
0.976222 -1.452429  1.392647  0.541645 
1.473261 -0.880290  0.322742  0.591314 
0.701020 -0.802519  0.728912  0.728145 
0.784588 -0.790465  0.766559  0.721356 
0.194673 -0.713269  2.120129  0.553218 
0.215558 -0.857638  1.864895  0.610565 
1.059355 -1.224716  1.251920  0.633136 
0.686667 -0.749222  1.095572  0.708000 
0.375014 -1.079907  1.414419  0.676488 
0.079656 -0.388832  1.234717  0.472616 
0.635819 -1.596178  1.848550  0.439580 
0.236435 -1.150309  1.648163  0.615337 
0.250433 -0.920582  2.190714  0.582730 
0.437872 -0.978974  1.847837  0.656593 
1.525117 -0.802767  0.083612  0.561138 
1.895941 -1.042933  0.396313  0.407801 
2.156498 -1.048972  0.063969  0.255475 
1.526840 -1.193968  1.059602  0.526242 
1.072002 -0.935142  0.683741  0.696844 
0.668934 -0.664850  1.283139  0.678821 
1.540390 -1.130209 -0.502014  0.513679 
0.528295 -0.673839  0.628833  0.703626 